tree
version=v4
num_class=1
num_tree_per_iteration=1
label_index=0
max_feature_idx=14
objective=binary sigmoid:1
feature_names=age edu_0 edu_1 day_cos day_sin AirConditioner_daytime AirConditioner_midnight ClothesWasher_daytime ClothesWasher_midnight Microwave_daytime RiceCooker_midnight TV_daytime IH_daytime day_sin_*_AirConditioner_daytime day_sin_*_Microwave_daytime
feature_infos=[0.083333333333333481:0.95833333333333348] [0:1] [0:1] [-28280.49728486091:26189.493403470642] [-27708.06759600473:28240.43434219023] [0:17626] [38:4025] [13:472] [0:873] [0:20480] [0:2636] [0:6739] [0:9533] [-393023543.01611835:205957487.65759334] [-558109979.26193464:398487145.63606066]
tree_sizes=896 948 948 951 947 946 947 951 949 949 951 947 949 948 949 953 961 956 952 956 953 958 959 952 938 955

Tree=0
num_leaves=8
num_cat=0
split_feature=7 5 14 8 12 5 0
split_gain=8.54062 3.44112 3.41374 1.85541 2.0209 2.1318 5.48893
threshold=80.500000000000014 3408.5000000000005 -382166816.01031405 858.50000000000011 6473.0000000000009 1.0000000180025095e-35 0.66666666666666685
decision_type=2 2 2 2 2 2 2
left_child=1 -1 -2 4 5 6 -4
right_child=2 -3 3 -5 -6 -7 -8
leaf_value=-0.092989210790131893 0.096485848316329254 0.099217557099322451 0.058632259968993905 0.09298921079013206 0.09298921079013206 -0.072872664779543114 -0.098240726674462001
leaf_weight=0.25000000000000033 0.49999999999999989 2.25 1.2500000000000002 0.24999999999999989 0.24999999999999989 3.75 0.99999999999999989
leaf_count=1 2 9 5 1 1 15 4
internal_value=0 0.0793058 -0.0283326 -0.0382024 -0.0437294 -0.0497169 -0.0103781
internal_weight=0 2.5 7 6.5 6.25 6 2.25
internal_count=38 10 28 26 25 24 9
is_linear=0
shrinkage=0.05


Tree=1
num_leaves=8
num_cat=0
split_feature=7 5 7 1 9 4 12
split_gain=7.71501 3.11923 3.08805 2.97926 5.22824 2.80783 2.47448
threshold=80.500000000000014 3408.5000000000005 458.50000000000006 1.0000000180025095e-35 8717.0000000000018 26622.647651210827 6473.0000000000009
decision_type=2 2 2 2 2 2 2
left_child=1 -1 3 4 5 -2 -5
right_child=2 -3 -4 6 -6 -7 -8
leaf_value=-0.088556464933943563 -0.096070306063202549 0.094495551127526445 0.091890331863958646 -0.070797640813665172 0.095395458380295034 0.088556464933943674 0.088556464933943715
leaf_weight=0.24946033954620395 0.99851980805397056 2.2444716989994049 0.4988381266593932 3.9938823729753494 0.99914103746414173 0.24946033954620361 0.2494603395462035
leaf_count=1 4 9 2 16 4 1 1
internal_value=0 0.0754944 -0.0269213 -0.0363208 0.00960107 -0.0578034 -0.0610206
internal_weight=0 2.49393 6.9893 6.49046 2.24712 1.24798 4.24334
internal_count=38 10 28 26 9 5 17
is_linear=0
shrinkage=0.05


Tree=2
num_leaves=8
num_cat=0
split_feature=7 5 14 1 9 10 5
split_gain=6.99821 2.84077 2.80393 2.70052 4.73986 4.73377 4.33968
threshold=80.500000000000014 3408.5000000000005 -382166816.01031405 1.0000000180025095e-35 8717.0000000000018 350.50000000000006 1082.5000000000002
decision_type=2 2 2 2 2 2 2
left_child=1 -1 -2 4 -4 6 -5
right_child=2 -3 3 5 -6 -7 -8
leaf_value=-0.084672300249874696 0.087891443852731496 0.090409852328313348 -0.055118237232297543 -0.089793193509361977 0.091101676651059504 -0.092450537745387071 0.10003081340963947
leaf_weight=0.24795132875442538 0.4955904185771941 2.2290236502885818 1.2419679015874865 0.4974287152290342 0.99409222602844227 2.983097031712532 0.74538004398345947
leaf_count=1 2 9 5 2 4 12 3
internal_value=0 0.0721895 -0.0256565 -0.0346334 0.00917046 -0.0581943 0.0227254
internal_weight=0 2.47697 6.95756 6.46197 2.23606 4.22591 1.24281
internal_count=38 10 28 26 9 17 5
is_linear=0
shrinkage=0.05


Tree=3
num_leaves=8
num_cat=0
split_feature=5 3 14 9 2 4 3
split_gain=4.32441 4.24094 2.71997 2.57497 2.76959 4.4716 2.39798
threshold=3408.5000000000005 24656.793408195579 196325496.16729972 15289.000000000002 1.0000000180025095e-35 10090.318799805145 21912.674382352645
decision_type=2 2 2 2 2 2 2
left_child=3 2 -2 4 -1 6 -6
right_child=1 -3 -4 -5 5 -7 -8
leaf_value=-0.062235287745984504 0.088407794058962319 -0.085947658532149182 -0.082428931081106521 0.084379766859417435 -0.089363525600481303 0.088604591064717325 0.082069051822765512
leaf_weight=3.4504704922437668 2.4550767242908487 0.49309512972831715 0.24654756486415852 0.49057957530021656 0.98939359188079856 0.98784898221492756 0.24628177285194397
leaf_count=14 10 2 1 2 4 4 1
internal_value=0 0.0472383 0.0721811 -0.0244281 -0.0341406 0.00873175 -0.0538241
internal_weight=0 3.19472 2.70162 6.16457 5.67399 2.22352 1.23568
internal_count=38 13 11 25 23 9 5
is_linear=0
shrinkage=0.05


Tree=4
num_leaves=8
num_cat=0
split_feature=7 5 7 2 10 8 5
split_gain=5.79452 2.40859 2.33242 2.22949 4.22442 4.08051 3.83336
threshold=80.500000000000014 3408.5000000000005 458.50000000000006 1.0000000180025095e-35 350.50000000000006 359.00000000000006 1082.5000000000002
decision_type=2 2 2 2 2 2 2
left_child=1 -1 3 4 6 -5 -2
right_child=2 -3 -4 5 -6 -7 -8
leaf_value=-0.078872880939365786 -0.083641920183407437 0.083648486440058942 0.081270936461412549 -0.051641051037189245 -0.086068142712561718 0.085169740807430908 0.09551958096957687
leaf_weight=0.2433768063783649 0.48922759294509865 2.1737073808908463 0.48408773541450489 1.2222495228052142 2.9288150668144226 0.97663037478923787 0.74619254469871521
leaf_count=1 2 9 2 5 12 4 3
internal_value=0 0.0665752 -0.0234551 -0.0316939 -0.0532506 0.00839351 0.0232355
internal_weight=0 2.41708 6.8472 6.36312 4.16424 2.19888 1.23542
internal_count=38 10 28 26 17 9 5
is_linear=0
shrinkage=0.05


Tree=5
num_leaves=8
num_cat=0
split_feature=13 1 4 8 3 0 4
split_gain=2.63309 2.88579 4.89379 4.15138 2.20119 2.1677 2.09379
threshold=-93088430.745897919 1.0000000180025095e-35 10090.318799805145 130.00000000000003 21912.674382352645 0.37500000000000028 -13052.65380459482
decision_type=2 2 2 2 2 2 2
left_child=6 2 4 5 -2 -3 -1
right_child=1 3 -4 -5 -6 -7 -8
leaf_value=0.080465705608265978 -0.083937615192158352 -0.08052651433021224 0.081943328662651332 -0.08283826936766675 0.080874561674169079 0.039001681245415226 -0.076026138560994383
leaf_weight=1.4245915710926054 0.97103488445282005 0.48220412433147464 1.6747830957174299 2.4031422138214111 0.24531367421150208 1.7012379318475721 0.23987138271331776
leaf_count=6 4 2 7 10 1 7 1
internal_value=0 -0.0126222 0.0261616 -0.0374266 -0.0493054 0.0118244 0.0568906
internal_weight=0 7.47772 2.89113 4.58658 1.21635 2.18344 1.66446
internal_count=38 31 12 19 5 9 7
is_linear=0
shrinkage=0.05


Tree=6
num_leaves=8
num_cat=0
split_feature=7 5 7 1 8 9 12
split_gain=4.88381 2.03833 2.03392 1.88592 3.45872 1.98747 1.76044
threshold=80.500000000000014 3408.5000000000005 458.50000000000006 1.0000000180025095e-35 77.500000000000014 4453.5000000000009 6473.0000000000009
decision_type=2 2 2 2 2 2 2
left_child=1 -1 3 4 -2 -6 -5
right_child=2 -3 -4 6 5 -7 -8
leaf_value=-0.073290601998635088 -0.080753297071284535 0.078393144213042193 0.07724046644601236 -0.058151724018634887 -0.074639700792329719 0.080573433789280641 0.077943760947426943
leaf_weight=0.23556514084339175 0.71806223690509829 2.095205694437027 0.47216847538948048 3.8184921145439148 0.2378113418817519 1.1881801486015318 0.24233432114124287
leaf_count=1 3 9 2 16 1 5 1
internal_value=0 0.0623301 -0.0217165 -0.0295245 0.00775344 0.0534995 -0.0496057
internal_weight=0 2.33077 6.67705 6.20488 2.14405 1.42599 4.06083
internal_count=38 10 28 26 9 6 17
is_linear=0
shrinkage=0.05


Tree=7
num_leaves=8
num_cat=0
split_feature=5 3 1 8 13 12 6
split_gain=3.12869 3.09321 1.12459 3.18049 2.45536 2.51478 2.45646
threshold=3408.5000000000005 24656.793408195579 1.0000000180025095e-35 77.500000000000014 -1.0000000180025095e-35 3569.0000000000005 233.00000000000003
decision_type=2 2 2 2 2 2 2
left_child=2 -2 3 -1 5 6 -4
right_child=1 -3 4 -5 -6 -7 -8
leaf_value=-0.078146299757313242 0.063724129507794963 -0.075246360510323948 0.09447747152061553 0.051766640086303106 -0.078394679717772475 0.07745389569982912 -0.079449668586404135
leaf_weight=0.70527978241443667 2.5310156047344212 0.46454526484012593 0.24994559586048148 1.3991549015045164 1.8640067130327223 0.70169268548488606 0.94509488344192505
leaf_count=3 11 2 1 6 8 3 4
internal_value=0 0.0416044 -0.0211913 0.00743 -0.0376393 0.00157609 -0.0416438
internal_weight=0 2.99556 5.86517 2.10443 3.76074 1.89673 1.19504
internal_count=38 13 25 9 16 8 5
is_linear=0
shrinkage=0.05


Tree=8
num_leaves=8
num_cat=0
split_feature=5 3 9 2 4 10 3
split_gain=2.86952 2.844 1.74738 1.82233 3.06737 1.8423 2.46449
threshold=3408.5000000000005 24656.793408195579 15289.000000000002 1.0000000180025095e-35 -15928.395011778046 510.00000000000006 17688.887671601133
decision_type=2 2 2 2 2 2 2
left_child=2 -2 3 5 -5 6 -1
right_child=1 -3 -4 4 -6 -7 -8
leaf_value=-0.075577791660337734 0.061483462195640708 -0.073072001064646411 0.072665189359320564 -0.077160866495881289 0.051107344647373092 -0.076636536847080827 0.085116461126561793
leaf_weight=0.46527247130870852 2.4931033402681355 0.45473560690879811 0.45271486043930043 0.69943934679031405 1.377637133002281 2.2849589139223099 0.48420296609401703
leaf_count=2 11 2 2 3 6 10 2
internal_value=0 0.0401498 -0.0204869 -0.0287497 0.00710626 -0.0522751 0.0046544
internal_weight=0 2.94784 5.76423 5.31151 2.07708 3.23443 0.949475
internal_count=38 13 25 23 9 14 4
is_linear=0
shrinkage=0.05


Tree=9
num_leaves=8
num_cat=0
split_feature=5 14 1 9 4 14 6
split_gain=2.63542 1.6144 1.68691 2.87933 1.65621 1.4365 1.41632
threshold=3408.5000000000005 -382166816.01031405 1.0000000180025095e-35 8717.0000000000018 26622.647651210827 196325496.16729972 233.00000000000003
decision_type=2 2 2 2 2 2 2
left_child=1 -1 3 4 -3 6 -2
right_child=5 2 -4 -5 -6 -7 -8
leaf_value=0.070723875821369492 -0.067326882958026898 -0.07585908392182808 -0.050790544244924699 0.074314998824122666 0.070934142558639932 -0.075605024896978484 0.061125966768645214
leaf_weight=0.44218578934669484 0.22240823507309038 0.91636657714843772 3.1646707206964493 0.90125806629657734 0.23102615773677826 0.23927138745784748 2.4356859028339386
leaf_count=2 1 4 14 4 1 1 11
internal_value=0 -0.0198396 -0.02785 0.00679876 -0.0448328 0.0387925 0.0497361
internal_weight=0 5.65551 5.21332 2.04865 1.14739 2.89737 2.65809
internal_count=38 25 23 9 5 13 12
is_linear=0
shrinkage=0.05


Tree=10
num_leaves=8
num_cat=0
split_feature=13 1 4 8 11 10 3
split_gain=1.83862 1.95816 3.48117 3.2073 2.93589 1.79331 1.555
threshold=-93088430.745897919 1.0000000180025095e-35 10090.318799805145 130.00000000000003 1.0000000180025095e-35 1315.0000000000002 21912.674382352645
decision_type=2 2 2 2 2 2 2
left_child=-1 2 6 4 -3 -6 -2
right_child=1 3 -4 -5 5 -7 -8
leaf_value=0.050175384787724625 -0.073794568301743732 -0.072679648236514294 0.072304373386230733 -0.073937239498416255 0.080394385200301441 -0.069599238998212687 0.069489976783308066
leaf_weight=1.5000603497028349 0.89546725153923057 0.66801695525646243 1.5189883261919019 2.2072804123163223 1.1571781784296034 0.22808305919170369 0.22782967984676361
leaf_count=7 4 3 7 10 5 1 1
internal_value=0 -0.0108775 0.0225705 -0.0320055 0.0122923 0.0544773 -0.0432332
internal_weight=0 6.90284 2.64229 4.26056 2.05328 1.38526 1.1233
internal_count=38 31 12 19 9 6 5
is_linear=0
shrinkage=0.05


Tree=11
num_leaves=8
num_cat=0
split_feature=7 5 7 2 10 5 8
split_gain=3.52009 1.42952 1.36968 1.28483 2.97644 2.54802 2.4457
threshold=80.500000000000014 3408.5000000000005 458.50000000000006 1.0000000180025095e-35 350.50000000000006 1082.5000000000002 359.00000000000006
decision_type=2 2 2 2 2 2 2
left_child=1 -1 3 4 5 -2 -5
right_child=2 -3 -4 6 -6 -7 -8
leaf_value=-0.063334100831089341 -0.070078653184421177 0.070256070214350694 0.067055082022984838 -0.042034328718350333 -0.072719878839833371 0.081952226448292725 0.070497047131564683
leaf_weight=0.21025417745113406 0.43768733739852927 1.8807736337184904 0.41795930266380299 1.0963549613952634 2.597854882478714 0.71598280966281891 0.85515791177749623
leaf_count=1 2 9 2 5 12 3 4
internal_value=0 0.0560116 -0.0191113 -0.0257264 -0.0428984 0.0228435 0.00645288
internal_weight=0 2.09103 6.121 5.70304 3.75153 1.15367 1.95151
internal_count=38 10 28 26 17 5 9
is_linear=0
shrinkage=0.05


Tree=12
num_leaves=8
num_cat=0
split_feature=1 4 9 4 9 3 8
split_gain=1.45659 3.24415 3.19971 2.3304 1.53785 1.53593 0.933797
threshold=1.0000000180025095e-35 -24832.597084364959 4453.5000000000009 -24832.597084364959 2205.0000000000005 -25462.254071718962 359.00000000000006
decision_type=2 2 2 2 2 2 2
left_child=1 -1 4 -4 6 -3 -2
right_child=2 5 3 -5 -6 -7 -8
leaf_value=-0.06998157731441039 -0.066764946892522395 -0.065771098268350411 0.065569330091625938 -0.060343558399733113 0.074949439089356404 0.070062827194725535 0.06147529214612954
leaf_weight=0.64219808578491244 0.41577337682247151 0.21801331639289889 0.40638095140457187 2.9641201198101044 1.0932626873254774 2.0693915635347366 0.20359881222248077
leaf_count=3 2 1 2 14 5 10 1
internal_value=0 0.0280982 -0.0161586 -0.0446583 0.0389663 0.0563726 -0.0219346
internal_weight=0 2.9296 5.08314 3.3705 1.71263 2.2874 0.619372
internal_count=38 14 24 16 8 11 3
is_linear=0
shrinkage=0.05


Tree=13
num_leaves=8
num_cat=0
split_feature=5 3 9 1 9 10 3
split_gain=1.89173 2.15439 1.17834 1.21223 2.21559 1.501 1.85294
threshold=3408.5000000000005 24656.793408195579 15289.000000000002 1.0000000180025095e-35 8717.0000000000018 510.00000000000006 17688.887671601133
decision_type=2 2 2 2 2 2 2
left_child=2 -2 3 4 -1 6 -5
right_child=1 -3 -4 5 -6 -7 -8
leaf_value=-0.041180275896026103 0.054468619379651577 -0.067452184097141876 0.064191761028072669 -0.06689003116025985 0.068337180345746568 -0.068779338706709311 0.077442037502388802
leaf_weight=1.0474027395248411 2.2229725718498234 0.42087440192699421 0.39467129111289967 0.41598090529441867 0.81840111315250386 2.0224368125200272 0.46870969235897064
leaf_count=5 11 2 2 2 4 10 2
internal_value=0 0.0344187 -0.017571 -0.0246897 0.00599481 -0.0449398 0.00773167
internal_weight=0 2.64385 5.1676 4.77293 1.8658 2.90713 0.884691
internal_count=38 13 25 23 9 14 4
is_linear=0
shrinkage=0.05


Tree=14
num_leaves=8
num_cat=0
split_feature=7 5 14 1 9 4 9
split_gain=2.86713 1.16609 1.10237 1.03237 2.05038 1.25048 1.24182
threshold=80.500000000000014 3408.5000000000005 -382166816.01031405 1.0000000180025095e-35 8717.0000000000018 26622.647651210827 4453.5000000000009
decision_type=2 2 2 2 2 2 2
left_child=1 -1 -2 4 5 -4 -5
right_child=2 -3 3 6 -6 -7 -8
leaf_value=-0.058882212944174728 0.062909494495916637 0.066416701410241141 -0.068441638326847229 0.010708357969151485 0.0669332886776451 0.064232263746120247 -0.056981409783538023
leaf_weight=0.19325228035449971 0.38290455937385548 1.7241676300764082 0.82356315851211526 0.86039642989635501 0.79442319273948658 0.21324034035205841 2.6347190588712692
leaf_count=1 2 9 4 4 4 1 13
internal_value=0 0.0529051 -0.017742 -0.0238605 0.00577513 -0.0395336 -0.0398523
internal_weight=0 1.91742 5.70925 5.32634 1.83123 1.0368 3.49512
internal_count=38 10 28 26 9 5 17
is_linear=0
shrinkage=0.05


Tree=15
num_leaves=8
num_cat=0
split_feature=5 3 14 14 4 1 10
split_gain=1.62766 1.87614 1.48958 1.01982 1.21458 1.92787 1.85221
threshold=3408.5000000000005 24656.793408195579 196325496.16729972 -382166816.01031405 -22069.607161142558 1.0000000180025095e-35 510.00000000000006
decision_type=2 2 2 2 2 2 2
left_child=3 2 -2 -1 -5 -6 -7
right_child=1 -3 -4 4 5 6 -8
leaf_value=0.06171141421032799 0.066696166132320073 -0.064719179374747526 -0.06692012641434264 -0.067164941669881795 0.043260634803236692 0.032531763393601254 -0.066282111988446621
leaf_weight=0.37114462256431568 1.896414682269097 0.39926697313785542 0.22130016982555378 1.1829540431499479 1.1815247535705569 0.66091252863407168 1.5304449796676634
leaf_count=2 10 2 1 6 6 3 8
internal_value=0 0.0327531 0.0519298 -0.0166588 -0.0234176 -0.0075701 -0.0357321
internal_weight=0 2.51698 2.11771 4.92698 4.55584 3.37288 2.19136
internal_count=38 13 11 25 23 17 11
is_linear=0
shrinkage=0.05


Tree=16
num_leaves=8
num_cat=0
split_feature=7 13 8 0 0 7 12
split_gain=2.48049 0.958931 0.898679 1.12296 1.52933 1.38776 0.977241
threshold=80.500000000000014 16233935.346959362 1.0000000180025095e-35 0.25000000000000028 0.60416666666666685 247.00000000000003 670.00000000000011
decision_type=2 2 2 2 2 2 2
left_child=-1 2 -2 -4 6 -6 -5
right_child=1 -3 3 4 5 -7 -8
leaf_value=0.051050089123555201 -0.065351656013327319 -0.067458117085761105 -0.064236076587894125 -0.059971137288011948 -0.064450098851453294 0.03045926744757296 0.053721262799480744
leaf_weight=1.7928018867969511 0.58796006441116322 0.80146168172359455 0.56995476782321919 0.19774542748928103 0.92525760829448678 0.63159051537513733 1.7435243427753446
leaf_count=10 3 4 3 1 5 3 9
internal_value=0 -0.0167182 -0.00761701 0.000342847 0.0113516 -0.0249031 0.0412666
internal_weight=0 5.45749 4.65603 4.06807 3.49812 1.55685 1.94127
internal_count=38 28 24 21 18 8 10
is_linear=0
shrinkage=0.05


Tree=17
num_leaves=8
num_cat=0
split_feature=7 14 4 1 9 3 5
split_gain=2.33586 1.30359 1.13468 1.56979 2.01457 1.11068 1.06943
threshold=51.000000000000007 -382166816.01031405 -23762.539289413307 1.0000000180025095e-35 4453.5000000000009 -25462.254071718962 2186.0000000000005
decision_type=2 2 2 2 2 2 2
left_child=-1 -2 -3 5 6 -4 -5
right_child=1 2 3 4 -6 -7 -8
leaf_value=0.063021812326170351 0.061299758915082249 -0.065365840932558525 -0.060866382317955769 -0.059244459307904465 -0.052045293597174296 0.065075919046722761 0.071216612969882312
leaf_weight=1.2166294604539869 0.52414889633655537 1.1301494687795628 0.20127928256988525 0.19477038085460696 2.2464915663003922 0.93570820987224645 0.63091620802879333
leaf_count=7 3 6 1 1 12 5 3
internal_value=0 -0.0130746 -0.0206948 -0.00829624 -0.0271933 0.0413006 0.0384205
internal_weight=0 5.86346 5.33932 4.20917 3.07218 1.13699 0.825687
internal_count=38 31 28 22 16 6 4
is_linear=0
shrinkage=0.05


Tree=18
num_leaves=8
num_cat=0
split_feature=7 7 2 10 5 4 3
split_gain=2.18532 0.756793 0.934652 1.88095 1.77617 1.72471 1.07152
threshold=51.000000000000007 458.50000000000006 1.0000000180025095e-35 350.50000000000006 1082.5000000000002 -24832.597084364959 -25462.254071718962
decision_type=2 2 2 2 2 2 2
left_child=-1 2 3 4 -2 -4 -7
right_child=1 -3 5 -5 -6 6 -8
leaf_value=0.062090486928043809 -0.061998815813794066 0.05861594160763095 -0.062421663358772951 -0.056225394592129344 0.072773552797978591 -0.059492927018262025 0.063922407390704553
leaf_weight=1.1742285341024397 0.37391869723796867 0.33739411830902089 0.54174357652664173 2.5107076019048691 0.66692180931568146 0.19579821825027455 1.0743611156940458
leaf_count=7 2 2 3 14 3 1 6
internal_value=0 -0.0127817 -0.0175907 -0.0326139 0.0227705 0.0109563 0.0435708
internal_weight=0 5.70085 5.36345 3.55155 1.04084 1.8119 1.27016
internal_count=38 31 29 19 5 10 7
is_linear=0
shrinkage=0.05


Tree=19
num_leaves=8
num_cat=0
split_feature=7 14 4 1 12 14 3
split_gain=2.04629 1.13815 1.00336 1.34966 1.81522 1.36397 0.974501
threshold=51.000000000000007 -382166816.01031405 -23762.539289413307 1.0000000180025095e-35 964.00000000000011 -136315214.5418019 -25462.254071718962
decision_type=2 2 2 2 2 2 2
left_child=-1 -2 -3 6 -5 -6 -4
right_child=1 2 3 4 5 -7 -8
leaf_value=0.061221838101744655 0.059400961734495307 -0.063275233525682914 -0.058196931064000104 0.037868371571309199 0.065130663880847456 -0.063854449904100247 0.062916707038019049
leaf_weight=1.1324226409196851 0.48905315995216359 1.058858931064605 0.19031804800033569 0.78870196640491519 0.21607913076877627 1.9195679277181623 0.87503716349601812
leaf_count=7 3 6 1 4 1 11 5
internal_value=0 -0.0125081 -0.019811 -0.00784943 -0.0257421 -0.0500078 0.0397036
internal_weight=0 5.53762 5.04856 3.9897 2.92435 2.13565 1.06536
internal_count=38 31 28 22 16 12 6
is_linear=0
shrinkage=0.05


Tree=20
num_leaves=8
num_cat=0
split_feature=7 5 14 6 10 1 8
split_gain=1.92236 0.859171 0.745997 1.48862 1.03858 1.43124 1.78453
threshold=80.500000000000014 3408.5000000000005 -136315214.5418019 711.00000000000011 268.50000000000006 1.0000000180025095e-35 359.00000000000006
decision_type=2 2 2 2 2 2 2
left_child=1 -1 3 -2 -4 6 -6
right_child=2 -3 4 -5 5 -7 -8
leaf_value=-0.053571890645332479 -0.06034807548013961 0.061030134772552147 0.03361887600213459 0.063564006168005921 -0.061820656333226302 -0.063067807163865855 0.060804819109102029
leaf_weight=0.16862647235393513 0.35627895593643166 1.4192859679460523 0.58664621412754092 0.70946639776229858 0.53232578933239005 2.0280075073242188 0.66109205782413483
leaf_count=1 2 9 3 4 3 12 4
internal_value=0 0.0477979 -0.0155265 0.0205844 -0.0260657 -0.0374513 0.00473045
internal_weight=0 1.58791 4.87382 1.06575 3.80807 3.22143 1.19342
internal_count=38 10 28 6 22 19 7
is_linear=0
shrinkage=0.05


Tree=21
num_leaves=8
num_cat=0
split_feature=7 5 13 11 1 4 7
split_gain=1.79746 0.809597 0.698759 0.750536 1.03966 1.61499 0.501994
threshold=80.500000000000014 3408.5000000000005 16233935.346959362 1.0000000180025095e-35 1.0000000180025095e-35 -15928.395011778046 216.50000000000003
decision_type=2 2 2 2 2 2 2
left_child=1 -1 3 4 5 -2 -5
right_child=2 -3 -4 6 -6 -7 -8
leaf_value=-0.052548024264339771 -0.059833130792180535 0.060260697382947231 -0.062007941226357347 0.06563571901057047 -0.060849946539011039 0.059922828642186877 0.0011887941890341813
leaf_weight=0.1634722352027892 0.49706681072711889 1.3668820410966871 0.68914556503295887 0.40682837367057789 1.1104263216257095 0.63780601322650965 1.3818487077951429
leaf_count=1 3 9 4 2 7 4 8
internal_value=0 0.047109 -0.0152216 -0.00680655 -0.026337 0.00602217 0.0167968
internal_weight=0 1.53035 4.72312 4.03398 2.2453 1.13487 1.78868
internal_count=38 10 28 24 14 7 10
is_linear=0
shrinkage=0.05


Tree=22
num_leaves=8
num_cat=0
split_feature=7 12 7 8 2 6 9
split_gain=1.68361 0.799556 0.722943 0.762425 1.19154 0.661008 0.444484
threshold=51.000000000000007 6473.0000000000009 458.50000000000006 359.00000000000006 1.0000000180025095e-35 1775.5000000000002 4453.5000000000009
decision_type=2 2 2 2 2 2 2
left_child=-1 2 3 6 5 -5 -2
right_child=1 -3 -4 4 -6 -7 -8
leaf_value=0.058918319411750776 -0.0089862694581406173 0.060565235670056276 0.055754823985653838 -0.058584139782528723 0.059389602208083918 0.051684785427831385 -0.051129147380306064
leaf_weight=1.0108049213886259 1.0702267885208132 0.34526604413986195 0.30234941840171803 0.60424065589904763 0.62068156898021698 0.15906277298927307 1.9685028195381162
leaf_count=7 6 2 2 4 4 1 12
internal_value=0 -0.0117131 -0.0173554 -0.0227376 0.00703848 -0.0334183 -0.0368347
internal_weight=0 5.07033 4.72506 4.42271 1.38398 0.763303 3.03873
internal_count=38 31 29 27 9 5 18
is_linear=0
shrinkage=0.05


Tree=23
num_leaves=8
num_cat=0
split_feature=13 10 9 1 8 9 4
split_gain=0.751961 0.942313 1.14658 1.07155 1.42028 0.949202 0.793359
threshold=-93088430.745897919 412.00000000000006 2205.0000000000005 1.0000000180025095e-35 60.500000000000007 8717.0000000000018 -22069.607161142558
decision_type=2 2 2 2 2 2 2
left_child=-1 2 -2 5 -5 -3 -4
right_child=1 3 6 4 -6 -7 -8
leaf_value=0.039251989011909974 -0.05715776558071705 -0.027075059005198555 -0.051113550756925322 0.05493623035684464 -0.061089145951879614 0.058856392556573801 0.064605094033576158
leaf_weight=1.0135117918252943 0.31951725482940663 0.65863916277885459 0.15612095594406117 0.29179871082305942 1.8519162833690641 0.60316728055477142 1.0260583013296125
leaf_count=7 2 4 1 2 12 4 6
internal_value=0 -0.00802916 0.024431 -0.0228268 -0.0445103 0.012724 0.0479025
internal_weight=0 4.90722 1.5017 3.40552 2.14371 1.26181 1.18218
internal_count=38 31 9 22 14 8 7
is_linear=0
shrinkage=0.05


Tree=24
num_leaves=8
num_cat=0
split_feature=5 3 14 9 1 14 3
split_gain=0.911092 1.14081 0.867969 0.591447 0.576014 1.13368 0.778315
threshold=3408.5000000000005 24656.793408195579 196325496.16729972 15289.000000000002 1.0000000180025095e-35 107473407.8155499 17688.887671601133
decision_type=2 2 2 2 2 2 2
left_child=3 2 -2 4 5 -1 -6
right_child=1 -3 -4 -5 6 -7 -8
leaf_value=-0.032996740186056396 0.059553854297948676 -0.056606422224816981 -0.054492185934018014 0.05415002675507067 -0.059809396010555398 0.058271044759705626 0
leaf_weight=0.79956629872322149 1.4173549115657804 0.31188778579235066 0.17317043244838703 0.28151312470436085 1.3282230794429781 0.58449025452136993 0.84936007857322682
leaf_count=5 10 2 1 2 9 4 5
internal_value=0 0.0283561 0.0460759 -0.0139399 -0.0197981 0.00438254 -0.0359119
internal_weight=0 1.90241 1.59053 3.84315 3.56164 1.38406 2.17758
internal_count=38 13 11 25 23 9 14
is_linear=0
shrinkage=0.05


Tree=25
num_leaves=8
num_cat=0
split_feature=5 3 14 9 3 8 1
split_gain=0.846444 1.07171 0.818781 0.55173 0.560473 1.17558 1.19183
threshold=3408.5000000000005 24656.793408195579 196325496.16729972 15289.000000000002 17688.887671601133 359.00000000000006 1.0000000180025095e-35
decision_type=2 2 2 2 2 2 2
left_child=3 2 -2 4 5 -1 -7
right_child=1 -3 -4 -5 -6 6 -8
leaf_value=-0.060171635356951317 0.058893527672129388 -0.055751162042208313 -0.05343279855502947 0.053392547911210508 0.010637526426582385 0.057533878633365065 -0.054941363730594474
leaf_weight=1.498064696788789 1.3629762381315229 0.30113129317760456 0.16793194413185109 0.27150374650955189 1.0239906460046766 0.56294286251068104 0.39532428979873657
leaf_count=10 10 2 1 2 6 4 3
internal_value=0 0.0279135 0.0454704 -0.0135363 -0.0192448 -0.0323669 0.00941682
internal_weight=0 1.83204 1.53091 3.75183 3.48032 2.45633 0.958267
internal_count=38 13 11 25 23 17 7
is_linear=0
shrinkage=0.05


end of trees

feature_importances:
AirConditioner_daytime=23
ClothesWasher_daytime=22
edu_0=18
day_cos=18
Microwave_daytime=18
day_sin=16
day_sin_*_Microwave_daytime=15
ClothesWasher_midnight=13
RiceCooker_midnight=10
IH_daytime=7
edu_1=6
day_sin_*_AirConditioner_daytime=6
age=4
AirConditioner_midnight=4
TV_daytime=2

parameters:
[boosting: gbdt]
[objective: binary]
[metric: roc_auc]
[tree_learner: serial]
[device_type: cpu]
[data_sample_strategy: bagging]
[data: ]
[valid: ]
[num_iterations: 10000]
[learning_rate: 0.05]
[num_leaves: 8]
[num_threads: 0]
[seed: 0]
[deterministic: 0]
[force_col_wise: 0]
[force_row_wise: 0]
[histogram_pool_size: -1]
[max_depth: -1]
[min_data_in_leaf: 1]
[min_sum_hessian_in_leaf: 0.001]
[bagging_fraction: 0.979758]
[pos_bagging_fraction: 1]
[neg_bagging_fraction: 1]
[bagging_freq: 3]
[bagging_seed: 3]
[feature_fraction: 0.689306]
[feature_fraction_bynode: 1]
[feature_fraction_seed: 2]
[extra_trees: 0]
[extra_seed: 6]
[early_stopping_round: 0]
[early_stopping_min_delta: 0]
[first_metric_only: 0]
[max_delta_step: 0]
[lambda_l1: 0.0327251]
[lambda_l2: 0.00125221]
[linear_lambda: 0]
[min_gain_to_split: 0]
[drop_rate: 0.1]
[max_drop: 50]
[skip_drop: 0.5]
[xgboost_dart_mode: 0]
[uniform_drop: 0]
[drop_seed: 4]
[top_rate: 0.2]
[other_rate: 0.1]
[min_data_per_group: 100]
[max_cat_threshold: 32]
[cat_l2: 10]
[cat_smooth: 10]
[max_cat_to_onehot: 4]
[top_k: 20]
[monotone_constraints: ]
[monotone_constraints_method: basic]
[monotone_penalty: 0]
[feature_contri: ]
[forcedsplits_filename: ]
[refit_decay_rate: 0.9]
[cegb_tradeoff: 1]
[cegb_penalty_split: 0]
[cegb_penalty_feature_lazy: ]
[cegb_penalty_feature_coupled: ]
[path_smooth: 0]
[interaction_constraints: ]
[verbosity: -1]
[saved_feature_importance_type: 0]
[use_quantized_grad: 0]
[num_grad_quant_bins: 4]
[quant_train_renew_leaf: 0]
[stochastic_rounding: 1]
[linear_tree: 0]
[max_bin: 255]
[max_bin_by_feature: ]
[min_data_in_bin: 3]
[bin_construct_sample_cnt: 200000]
[data_random_seed: 1]
[is_enable_sparse: 1]
[enable_bundle: 1]
[use_missing: 1]
[zero_as_missing: 0]
[feature_pre_filter: 1]
[pre_partition: 0]
[two_round: 0]
[header: 0]
[label_column: ]
[weight_column: ]
[group_column: ]
[ignore_column: ]
[categorical_feature: ]
[forcedbins_filename: ]
[precise_float_parser: 0]
[parser_config_file: ]
[objective_seed: 5]
[num_class: 1]
[is_unbalance: 0]
[scale_pos_weight: 1]
[sigmoid: 1]
[boost_from_average: 1]
[reg_sqrt: 0]
[alpha: 0.9]
[fair_c: 1]
[poisson_max_delta_step: 0.7]
[tweedie_variance_power: 1.5]
[lambdarank_truncation_level: 30]
[lambdarank_norm: 1]
[label_gain: ]
[lambdarank_position_bias_regularization: 0]
[eval_at: ]
[multi_error_top_k: 1]
[auc_mu_weights: ]
[num_machines: 1]
[local_listen_port: 12400]
[time_out: 120]
[machine_list_filename: ]
[machines: ]
[gpu_platform_id: -1]
[gpu_device_id: -1]
[gpu_use_dp: 0]
[num_gpu: 1]

end of parameters

pandas_categorical:null
