tree
version=v4
num_class=1
num_tree_per_iteration=1
label_index=0
max_feature_idx=14
objective=binary sigmoid:1
feature_names=age edu_0 edu_1 day_cos day_sin AirConditioner_daytime AirConditioner_midnight ClothesWasher_daytime ClothesWasher_midnight Microwave_daytime RiceCooker_midnight TV_daytime IH_daytime day_sin_*_AirConditioner_daytime day_sin_*_Microwave_daytime
feature_infos=[0:1] [0:1] [0:1] [-27467.261951857479:28158.01138283452] [-26499.39654168969:28253.00107148612] [0:13851] [22:10757] [13:546] [0:1000] [197:19784] [59:2855] [0:4468] [59:7665] [-294814450.51317573:80507722.028771624] [-441850191.8419171:282410946.17179334]
tree_sizes=959 1043 1041 1135 1044 1044 1144 1046 1045 952 1047 1048 1157 1049 1163 1048 1049 934 1045 1053 1161 937 1048 1050 1050 1050 1156 1054 1057

Tree=0
num_leaves=9
num_cat=0
split_feature=1 13 12 8 3 11 0 0
split_gain=6.80273 6.21862 3.77479 3.01746 2.38128 2.27038 0.248008 0.392281
threshold=1.0000000180025095e-35 -43944877.352356263 398.50000000000006 171.00000000000003 -27282.80035111657 3627.0000000000005 0.12500000000000025 0.66666666666666685
decision_type=2 2 2 2 2 2 2 2
left_child=2 3 -1 -2 -3 -4 -5 -8
right_child=1 4 5 6 -6 -7 7 -9
leaf_value=-0.042817924784382018 0.066710433630707486 0.024835669643171271 0.081865111862365059 -0.042817924784382039 -0.084254438283216895 -0.024835669643171285 0.024835669643171278 -0.024835669643171278
leaf_weight=0.50000000000000033 1.2500000000000002 0.25000000000000033 2.7500000000000004 0.5 3.25 0.24999999999999989 0.25 0.25
leaf_count=2 5 1 11 2 13 1 1 1
internal_value=0 -0.0349078 0.0481446 0.0249533 -0.0728666 0.0690396 -0.0289608 0
internal_weight=0 5.75 3.5 2.25 3.5 3 1 0.5
internal_count=37 23 14 9 14 12 4 2
is_linear=0
shrinkage=0.05


Tree=1
num_leaves=9
num_cat=0
split_feature=1 13 12 8 3 11 4 0
split_gain=6.16002 5.68484 3.52252 2.83688 2.23824 2.13681 0.243828 0.375709
threshold=1.0000000180025095e-35 -43944877.352356263 398.50000000000006 171.00000000000003 -27282.80035111657 3627.0000000000005 -25315.074239949114 0.12500000000000025
decision_type=2 2 2 2 2 2 2 2
left_child=2 3 -1 -2 -3 -4 7 -5
right_child=1 4 5 6 -6 -7 -8 -9
leaf_value=-0.041802872805788482 0.064438370576353918 0.024446366954109219 0.078560506117809292 -0.024165998886996373 -0.080771430022306356 -0.024446366954109233 -0.042014903919903805 0.024446366954109226
leaf_weight=0.49977090954780612 1.248610317707062 0.24996145069599185 2.745397657155991 0.24988545477390289 3.2442391067743301 0.24996145069599141 0.4998469054698943 0.24996145069599152
leaf_count=2 5 1 11 1 13 1 2 1
internal_value=0 -0.0333152 0.0457597 0.0238595 -0.0696604 0.06604 -0.0282737 0
internal_weight=0 5.7425 3.49513 2.2483 3.4942 2.99536 0.999694 0.499847
internal_count=37 23 14 9 14 12 4 2
is_linear=0
shrinkage=0.05


Tree=2
num_leaves=9
num_cat=0
split_feature=1 9 12 11 3 5 4 0
split_gain=5.58885 4.2081 3.29473 2.01736 1.6423 1.90717 1.32426 1.30021
threshold=1.0000000180025095e-35 16946.000000000004 398.50000000000006 3627.0000000000005 -27282.80035111657 5367.5000000000009 -18154.26345258909 0.12500000000000025
decision_type=2 2 2 2 2 2 2 2
left_child=2 4 -1 -4 -2 -6 -7 -3
right_child=1 7 3 -5 5 6 -8 -9
leaf_value=-0.040829602776813773 0.024065524854726114 -0.023791215126205023 0.075589018093374483 -0.024065524854726114 -0.077949664067797769 0.03976640385783152 -0.039916084024188649 0.057872483345112739
leaf_weight=0.49910598993301425 0.24984826147556294 0.24971978366374947 2.7323818355798726 0.24984826147556294 3.2293881475925446 0.49785614013671875 0.49785634875297535 0.99663247168064117
leaf_count=2 1 1 11 1 13 2 2 4
internal_value=0 -0.0318646 0.043579 0.0633216 -0.0537822 -0.0617111 0 0.0363159
internal_weight=0 5.7213 3.48134 2.98223 4.47495 4.2251 0.995712 1.24635
internal_count=37 23 14 12 18 17 4 5
is_linear=0
shrinkage=0.05


Tree=3
num_leaves=10
num_cat=0
split_feature=1 13 8 3 3 0 3 0 0
split_gain=5.07127 4.82851 2.53776 2 1.8913 1.07693 0.983508 0.229165 0.332758
threshold=1.0000000180025095e-35 -43944877.352356263 171.00000000000003 -27282.80035111657 1.0000000180025095e-35 0.25000000000000028 28136.609815724994 0.12500000000000025 0.66666666666666685
decision_type=2 2 2 2 2 2 2 2 2
left_child=4 2 -2 -3 -1 -6 -7 -4 -9
right_child=1 3 7 -5 5 6 -8 8 -10
leaf_value=0.068027486837818479 0.060746859968242251 0.023692905427944957 -0.040299757822418021 -0.074942221194747027 0.03744479659801539 -0.050820925936852938 0.021233913954179878 0.023173295169098423 -0.022599969709725387
leaf_weight=1.9724050760269167 1.2397066801786425 0.24966405332088504 0.49851557612419117 3.203547477722168 0.4931012690067289 0.7477019876241684 0.24655063450336456 0.24928374588489532 0.24869412183761597
leaf_count=8 5 1 2 13 2 3 1 1 1
internal_value=0 -0.0304776 0.0221395 -0.0642389 0.0415733 0 -0.0283465 -0.0269767 0
internal_weight=0 5.68941 2.2362 3.45321 3.45976 1.48735 0.994253 0.996493 0.497978
internal_count=37 23 9 14 14 6 4 4 2
is_linear=0
shrinkage=0.05


Tree=4
num_leaves=9
num_cat=0
split_feature=1 9 12 11 3 5 0 4
split_gain=5.24643 3.61833 3.04254 1.85213 1.47984 1.6383 1.17811 1.17747
threshold=1.0000000180025095e-35 16946.000000000004 398.50000000000006 3627.0000000000005 -27282.80035111657 5367.5000000000009 0.12500000000000025 -18154.26345258909
decision_type=2 2 2 2 2 2 2 2
left_child=2 4 -1 -4 -2 -6 -3 -7
right_child=1 6 3 -5 5 7 -8 -9
leaf_value=-0.038755010648557513 0.023328276544983453 -0.022808355688823903 0.07206197442699043 -0.022913490323600488 -0.072704663395192895 0.037539162489753412 0.054686886697296412 -0.037757669559916163
leaf_weight=0.49613606929779086 0.24941237270832051 0.24892927706241585 2.9354692548513417 0.24903886020183552 3.1737118810415268 0.49335113167762756 0.98736496269702911 0.49347239732742298
leaf_count=2 1 1 12 1 13 2 4 2
internal_value=0 -0.0292541 0.0430122 0.0609623 -0.049811 -0.0575065 0.0339281 0
internal_weight=0 5.64624 3.68064 3.18451 4.40995 4.16054 1.23629 0.986824
internal_count=38 23 15 13 18 17 5 4
is_linear=0
shrinkage=0.05


Tree=5
num_leaves=9
num_cat=0
split_feature=1 13 12 8 3 11 0 0
split_gain=4.77565 4.13361 2.86038 2.2803 1.80551 1.7599 0.215087 0.295328
threshold=1.0000000180025095e-35 -43944877.352356263 398.50000000000006 171.00000000000003 -27282.80035111657 3627.0000000000005 0.12500000000000025 0.66666666666666685
decision_type=2 2 2 2 2 2 2 2
left_child=2 3 -1 -2 -3 -4 -5 -8
right_child=1 4 5 6 -6 -7 7 -9
leaf_value=-0.037901400111794416 0.057506742812335934 0.022971414302288176 0.069731256590148658 -0.038712318475630988 -0.070147874391985901 -0.022565399363545881 0.021993679067638661 -0.021173421589195329
leaf_weight=0.49426469206810031 1.22393473982811 0.24909664690494571 2.9009825885295872 0.49597267806529988 3.1322077214717865 0.24865278601646412 0.2478727400302887 0.24643118679523468
leaf_count=2 5 1 12 2 13 1 1 1
internal_value=0 -0.0280665 0.0411761 0.0206044 -0.0597129 0.0587684 -0.0258047 0
internal_weight=0 5.59552 3.6439 2.21421 3.3813 3.14964 0.990277 0.494304
internal_count=38 23 15 9 14 13 4 2
is_linear=0
shrinkage=0.05


Tree=6
num_leaves=10
num_cat=0
split_feature=1 13 12 8 3 10 3 0 0
split_gain=4.35875 3.81812 2.69333 2.15611 1.71975 0.899994 0.260621 0.205369 0.286408
threshold=1.0000000180025095e-35 -43944877.352356263 398.50000000000006 171.00000000000003 -27282.80035111657 1799.0000000000002 23296.636568202532 0.12500000000000025 0.66666666666666685
decision_type=2 2 2 2 2 2 2 2 2
left_child=2 3 -1 -2 -3 -4 -7 -5 -9
right_child=1 4 5 7 -6 6 -8 8 -10
leaf_value=-0.037079702927292991 0.055876073760414972 0.022622102837980482 0.066514102829150962 -0.037860416112722388 -0.068016207476634089 0.01821482226439345 -0.022224613794796545 0.021664780713290754 -0.020861326706453749
leaf_weight=0.49208793044090304 1.2128525972366335 0.24872022867202792 2.623173981904984 0.4940853863954543 3.0870693773031235 0.23797719180583943 0.24820983409881592 0.24734073877334595 0.24578143656253815
leaf_count=2 5 1 11 2 13 1 1 1 1
internal_value=0 -0.0270155 0.0394676 0.0197791 -0.0576759 0.0567435 0 -0.0252386 0
internal_weight=0 5.53585 3.60145 2.20006 3.33579 3.10936 0.486187 0.987208 0.493122
internal_count=38 23 15 9 14 13 2 4 2
is_linear=0
shrinkage=0.05


Tree=7
num_leaves=9
num_cat=0
split_feature=1 13 12 8 3 11 0 0
split_gain=4.00231 3.5318 2.54718 2.04073 1.64108 1.60291 0.196181 0.277789
threshold=1.0000000180025095e-35 -43944877.352356263 398.50000000000006 171.00000000000003 -27282.80035111657 3627.0000000000005 0.12500000000000025 0.66666666666666685
decision_type=2 2 2 2 2 2 2 2
left_child=2 3 -1 -2 -3 -4 -5 -8
right_child=1 4 5 6 -6 -7 7 -9
leaf_value=-0.036288052753011141 0.05434514687976643 0.022280129511147218 0.065780397221025314 -0.037040318359405876 -0.066056674208733526 -0.021890930106492734 0.021342654450715762 -0.020555545132140203
leaf_weight=0.4896325767040256 1.2003350704908373 0.24828641116619143 2.8202970772981648 0.49189427495002735 3.0371399521827698 0.24771311879158009 0.2467600554227829 0.24509009718894958
leaf_count=2 5 1 12 2 13 1 1 1
internal_value=0 -0.0260358 0.0380147 0.0189972 -0.0557885 0.0550127 -0.0246929 0
internal_weight=0 5.46951 3.55764 2.18408 3.28543 3.06801 0.983744 0.49185
internal_count=38 23 15 9 14 13 4 2
is_linear=0
shrinkage=0.05


Tree=8
num_leaves=9
num_cat=0
split_feature=1 13 12 8 3 11 0 0
split_gain=3.65995 3.27117 2.40454 1.93331 1.5686 1.53137 0.187489 0.26946
threshold=1.0000000180025095e-35 -43944877.352356263 398.50000000000006 171.00000000000003 -27282.80035111657 3627.0000000000005 0.12500000000000025 0.66666666666666685
decision_type=2 2 2 2 2 2 2 2
left_child=2 3 -1 -2 -3 -4 -5 -8
right_child=1 4 5 6 -6 -7 7 -9
leaf_value=-0.035524711576363929 0.052903899664464009 0.021945293249150854 0.06395557477923694 -0.036250167472637013 -0.064247440513302473 -0.021564152243473165 0.021027116334672528 -0.02025590947637923
leaf_weight=0.48692405223846469 1.1865772157907488 0.24779830873012576 2.7724876850843434 0.48942603170871724 2.9832440763711929 0.24716569483280171 0.24613359570503235 0.24435980618000031
leaf_count=2 5 1 12 2 13 1 1 1
internal_value=0 -0.0251191 0.036509 0.0182552 -0.0540318 0.0532544 -0.0241664 0
internal_weight=0 5.39754 3.50658 2.1665 3.23104 3.01965 0.979919 0.490493
internal_count=38 23 15 9 14 13 4 2
is_linear=0
shrinkage=0.05


Tree=9
num_leaves=8
num_cat=0
split_feature=1 13 12 0 3 11 5
split_gain=3.34948 3.03329 2.27242 1.62834 1.50153 1.46519 1.15734
threshold=1.0000000180025095e-35 -43944877.352356263 398.50000000000006 0.12500000000000025 -27282.80035111657 3627.0000000000005 3802.0000000000005
decision_type=2 2 2 2 2 2 2
left_child=2 3 -1 -2 -3 -4 -5
right_child=1 4 5 6 -6 -7 -8
leaf_value=-0.034788086230780176 -0.035488243622303399 0.021617393651387661 0.062263146577430421 -0.019962249675277811 -0.062570053882494162 -0.021244088138936707 0.0561202683852427
leaf_weight=0.48398631811142001 0.48670600354671512 0.24725902080535922 2.7215600758790974 0.24359306693077076 2.9261156916618347 0.24657052755355824 1.4172211289405821
leaf_count=2 2 1 12 1 13 1 6
internal_value=0 -0.0242582 0.0350908 0.0175497 -0.0523899 0.0516104 0.0404033
internal_weight=0 5.32089 3.45212 2.14752 3.17337 2.96813 1.66081
internal_count=38 23 15 9 14 13 7
is_linear=0
shrinkage=0.05


Tree=10
num_leaves=9
num_cat=0
split_feature=1 13 12 8 3 11 0 0
split_gain=3.08109 2.79288 2.1497 1.74776 1.43922 1.40373 0.163112 0.246877
threshold=1.0000000180025095e-35 -43944877.352356263 398.50000000000006 171.00000000000003 -27282.80035111657 3627.0000000000005 0.12500000000000025 0.66666666666666685
decision_type=2 2 2 2 2 2 2 2
left_child=2 3 -1 -2 -3 -4 -5 -8
right_child=1 4 5 6 -6 -7 7 -9
leaf_value=-0.034076691367677561 0.050143790577546324 0.021296239805395384 0.060687398514375074 -0.034752947509053854 -0.061008821246725055 -0.020930558676430757 0.019901384555448293 -0.01967440950421178
leaf_weight=0.48084196448326144 1.1545821875333788 0.24667149782180819 2.6681196838617329 0.4837580919265746 2.8664068132638931 0.24593041837215412 0.2434278130531311 0.24279232323169708
leaf_count=2 5 1 12 2 13 1 1 1
internal_value=0 -0.0235788 0.0337502 0.0166344 -0.0508492 0.0500673 -0.0234727 0
internal_weight=0 5.23764 3.39489 2.12456 3.11308 2.91405 0.969978 0.48622
internal_count=38 23 15 9 14 13 4 2
is_linear=0
shrinkage=0.05


Tree=11
num_leaves=9
num_cat=0
split_feature=1 13 12 8 3 11 4 0
split_gain=2.82351 2.59461 2.03544 1.65996 1.38114 1.34646 0.159548 0.237528
threshold=1.0000000180025095e-35 -43944877.352356263 398.50000000000006 171.00000000000003 -27282.80035111657 3627.0000000000005 -25315.074239949114 0.12500000000000025
decision_type=2 2 2 2 2 2 2 2
left_child=2 3 -1 -2 -3 -4 7 -5
right_child=1 4 5 6 -6 -7 -8 -9
leaf_value=-0.03338914880010492 0.048928620400698522 0.020981646170042847 0.059214884255910816 -0.019229416999008431 -0.059550306764564569 -0.020623379977707589 -0.034160429138347513 0.019614744646927883
leaf_weight=0.47751221060752902 1.1380478292703631 0.2460386008024219 2.6127038002014165 0.24145813286304474 2.8046949803829193 0.24524815380573262 0.48110650479793537 0.24262022972106934
leaf_count=2 5 1 12 1 13 1 2 1
internal_value=0 -0.022811 0.0324788 0.0159981 -0.049398 0.0486135 -0.0229947 0
internal_weight=0 5.15397 3.33546 2.10323 3.05073 2.85795 0.965185 0.484078
internal_count=38 23 15 9 14 13 4 2
is_linear=0
shrinkage=0.05


Tree=12
num_leaves=10
num_cat=0
split_feature=1 13 8 3 3 0 3 0 0
split_gain=2.58862 2.41247 1.57764 1.37575 1.32681 0.671764 0.593955 0.153736 0.229924
threshold=1.0000000180025095e-35 -43944877.352356263 171.00000000000003 1.0000000180025095e-35 -27282.80035111657 0.25000000000000028 28136.609815724994 0.12500000000000025 0.66666666666666685
decision_type=2 2 2 2 2 2 2 2 2
left_child=3 2 -2 -1 -3 -5 -7 -4 -9
right_child=1 4 7 5 -6 6 -8 8 -10
leaf_value=0.053924183486750148 0.047773312882862323 0.020673436613294096 -0.033506285083927764 0.026577658735394666 -0.058182948531181694 -0.043249414333858455 0.013786215313511669 0.019333737896082642 -0.018905852081067098
leaf_weight=1.9112158864736559 1.1209050714969637 0.24536307156086001 0.47796437144279469 0.42884618043899514 2.7414907068014145 0.71854338049888611 0.21572619676589966 0.24178142845630646 0.24041439592838287
leaf_count=9 5 1 2 2 13 3 1 1 1
internal_value=0 -0.0220829 0.0153905 0.0312693 -0.0480264 -0.00406953 -0.0262993 -0.0225312 0
internal_weight=0 5.06792 2.08107 3.27433 2.98685 1.36312 0.93427 0.96016 0.482196
internal_count=38 23 9 15 14 6 4 4 2
is_linear=0
shrinkage=0.05


Tree=13
num_leaves=9
num_cat=0
split_feature=1 13 12 8 3 11 4 0
split_gain=2.41958 2.24482 1.83388 1.50037 1.27584 1.23479 0.150414 0.2213
threshold=1.0000000180025095e-35 -43944877.352356263 398.50000000000006 171.00000000000003 -27282.80035111657 3627.0000000000005 -25315.074239949114 0.12500000000000025
decision_type=2 2 2 2 2 2 2 2
left_child=2 3 -1 -2 -3 -4 7 -5
right_child=1 4 5 6 -6 -7 -8 -9
leaf_value=-0.031875291976299409 0.04667260607795095 0.020371436690192965 0.056804758806109516 -0.018482770154723913 -0.056896753374220982 -0.019696542810783091 -0.032949712273285275 0.019058213839870563
leaf_weight=0.46915921568870578 1.1032730937004092 0.24464759230613742 2.5096254199743275 0.23895588517189026 2.6772433072328568 0.24285563826560963 0.47504721581935871 0.24091361463069916
leaf_count=2 5 1 12 1 13 1 2 1
internal_value=0 -0.0213907 0.0305739 0.0148092 -0.0467257 0.0463212 -0.0220823 0
internal_weight=0 4.98008 3.22164 2.05819 2.92189 2.75248 0.954917 0.479869
internal_count=38 23 15 9 14 13 4 2
is_linear=0
shrinkage=0.05


Tree=14
num_leaves=10
num_cat=0
split_feature=1 9 12 11 3 7 0 5 5
split_gain=2.22005 1.8892 1.74017 1.18768 0.980347 0.883735 0.746186 0.0768252 0.333254
threshold=1.0000000180025095e-35 16946.000000000004 398.50000000000006 3627.0000000000005 -27282.80035111657 52.000000000000007 0.12500000000000025 9785.5000000000018 13176.000000000002
decision_type=2 2 2 2 2 2 2 2 2
left_child=2 4 -1 -4 -2 -6 -3 -7 -9
right_child=1 6 3 -5 5 7 -8 8 -10
leaf_value=-0.031258388682486517 0.020075477392319602 -0.0182236201789732 0.055563735089586397 -0.019413931711448854 0.014272529142478636 -0.056669610059731937 0.043317912349571885 0.014272529142478644 -0.028372049756551134
leaf_weight=0.46534916758537326 0.24389469623565707 0.23801000416278817 2.4510553628206257 0.24202556908130635 0.21871335804462466 2.6433258801698689 0.88785140216350555 0.21871335804462422 0.44047701358795166
leaf_count=2 1 1 12 1 1 13 4 1 2
internal_value=0 -0.0207308 0.0294589 0.0450689 -0.0372359 -0.0446567 0.0254615 -0.0513944 -0.00980213
internal_weight=0 4.89099 3.15843 2.69308 3.76512 3.52123 1.12586 3.30252 0.65919
internal_count=38 23 15 13 18 17 5 16 3
is_linear=0
shrinkage=0.05


Tree=15
num_leaves=9
num_cat=0
split_feature=1 13 12 8 3 11 0 0
split_gain=2.02805 1.9691 1.65223 1.37567 1.18346 1.14329 0.142606 0.197802
threshold=1.0000000180025095e-35 -43944877.352356263 398.50000000000006 171.00000000000003 -27282.80035111657 3627.0000000000005 0.12500000000000025 0.66666666666666685
decision_type=2 2 2 2 2 2 2 2
left_child=2 3 -1 -2 -3 -4 -5 -8
right_child=1 4 5 6 -6 -7 7 -9
leaf_value=-0.030660435391284414 0.044928614442828529 0.01978539766055833 0.054389581244645685 -0.031880151047486947 -0.054563270109620747 -0.019136847173993849 0.018179122426180482 -0.017390448790185632
leaf_weight=0.46143099665641818 1.0725047439336779 0.24310687184333835 2.3920354694128041 0.46893256902694691 2.5484682321548462 0.2411658614873885 0.23784357309341431 0.23469886183738708
leaf_count=2 5 1 12 2 13 1 1 1
internal_value=0 -0.0199831 0.0283902 0.0139758 -0.0443391 0.0438749 -0.0212933 0
internal_weight=0 4.80555 3.09463 2.01398 2.79158 2.6332 0.941475 0.472542
internal_count=38 23 15 9 14 13 4 2
is_linear=0
shrinkage=0.05


Tree=16
num_leaves=9
num_cat=0
split_feature=1 13 12 8 3 11 0 0
split_gain=1.86129 1.83561 1.56957 1.31033 1.14065 1.10137 0.136643 0.192121
threshold=1.0000000180025095e-35 -43944877.352356263 398.50000000000006 171.00000000000003 -27282.80035111657 3627.0000000000005 0.12500000000000025 0.66666666666666685
decision_type=2 2 2 2 2 2 2 2
left_child=2 3 -1 -2 -3 -4 -5 -8
right_child=1 4 5 6 -6 -7 7 -9
leaf_value=-0.030080493670562508 0.043952877310262511 0.019501040981965933 0.053275475490805552 -0.031263246177815764 -0.053471300093280993 -0.018865140571960533 0.017925731149195743 -0.017151804218866664
leaf_weight=0.45741939544677768 1.0540652424097059 0.24228645861148868 2.3328570127487187 0.46512660384178151 2.4832737147808075 0.2402786761522292 0.23687343299388885 0.23367471992969513
leaf_count=2 5 1 12 2 13 1 1 1
internal_value=0 -0.0193816 0.0273635 0.013456 -0.0432088 0.0427335 -0.0208821 0
internal_weight=0 4.7153 3.03056 1.98974 2.72556 2.57314 0.935675 0.470548
internal_count=38 23 15 9 14 13 4 2
is_linear=0
shrinkage=0.05


Tree=17
num_leaves=8
num_cat=0
split_feature=1 13 12 8 3 11 4
split_gain=1.70836 1.712 1.49176 1.24877 1.10009 1.06168 0.127499
threshold=1.0000000180025095e-35 -43944877.352356263 398.50000000000006 171.00000000000003 -27282.80035111657 3627.0000000000005 -25315.074239949114
decision_type=2 2 2 2 2 2 2
left_child=2 3 -1 -2 -3 -4 -5
right_child=1 4 5 6 -6 -7 -8
leaf_value=-0.029517695131860089 0.043016910265509765 0.019222256866240781 0.05221541828850268 0 -0.052431895125348564 -0.018598677904347813 -0.030536321219191399
leaf_weight=0.45332810282707248 1.0354800522327421 0.24143572151660952 2.2737735658884053 0.46932509541511536 2.4183322638273239 0.23936602473258961 0.46040889620780934
leaf_count=2 5 1 12 2 13 1 2
internal_value=0 -0.0188048 0.026375 0.0129565 -0.0421248 0.0416395 -0.0204834
internal_weight=0 4.62498 2.96647 1.96521 2.65977 2.51314 0.929734
internal_count=38 23 15 9 14 13 4
is_linear=0
shrinkage=0.05


Tree=18
num_leaves=9
num_cat=0
split_feature=1 13 12 8 3 11 0 0
split_gain=1.56763 1.59773 1.41842 1.1903 1.06158 1.02403 0.133999 0.182109
threshold=1.0000000180025095e-35 -43944877.352356263 398.50000000000006 171.00000000000003 -27282.80035111657 3627.0000000000005 0.12500000000000025 0.66666666666666685
decision_type=2 2 2 2 2 2 2 2
left_child=2 3 -1 -2 -3 -4 -5 -8
right_child=1 4 5 6 -6 -7 7 -9
leaf_value=-0.028971234346101694 0.042117645690603833 0.018948898981561511 0.051204137237689663 -0.030385033687955889 -0.05143989949975173 -0.01833731727799277 0.01767711165970123 -0.016503285524264392
leaf_weight=0.44916978478431735 1.0168199539184568 0.2405568361282352 2.2150049209594731 0.45910035073757161 2.353869691491127 0.23842990398406971 0.23588453233242035 0.23072223365306854
leaf_count=2 5 1 12 2 13 1 1 1
internal_value=0 -0.0182417 0.0254216 0.0124687 -0.0410827 0.0405884 -0.0200636 0
internal_weight=0 4.53695 2.9026 1.94253 2.59443 2.45343 0.925707 0.466607
internal_count=38 23 15 9 14 13 4 2
is_linear=0
shrinkage=0.05


Tree=19
num_leaves=9
num_cat=0
split_feature=1 13 12 8 3 11 0 0
split_gain=1.43871 1.49143 1.34919 1.13541 1.02494 0.988258 0.128529 0.176936
threshold=1.0000000180025095e-35 -43944877.352356263 398.50000000000006 171.00000000000003 -27282.80035111657 3627.0000000000005 0.12500000000000025 0.66666666666666685
decision_type=2 2 2 2 2 2 2 2
left_child=2 3 -1 -2 -3 -4 -5 -8
right_child=1 4 5 6 -6 -7 7 -9
leaf_value=-0.028440351891261324 0.041252338549114434 0.018680821367661908 0.050236963921258405 -0.029813493204247393 -0.050490757909527499 -0.018080932707525973 0.017433141208896528 -0.016280862471496422
leaf_weight=0.44495615363121066 0.99814775586128213 0.23965187370777163 2.156740710139275 0.45505636930465698 2.2900800704956055 0.23747216165065754 0.23487852513790131 0.22965289652347565
leaf_count=2 5 1 12 2 13 1 1 1
internal_value=0 -0.0177075 0.0245002 0.0120073 -0.0400787 0.0395764 -0.0196856 0
internal_weight=0 4.44747 2.83917 1.91774 2.52973 2.39421 0.919588 0.464531
internal_count=38 23 15 9 14 13 4 2
is_linear=0
shrinkage=0.05


Tree=20
num_leaves=10
num_cat=0
split_feature=1 13 8 3 3 0 3 0 0
split_gain=1.32023 1.39268 1.08354 1.01271 0.990031 0.458938 0.392755 0.123322 0.171928
threshold=1.0000000180025095e-35 -43944877.352356263 171.00000000000003 1.0000000180025095e-35 -27282.80035111657 0.25000000000000028 28136.609815724994 0.12500000000000025 0.66666666666666685
decision_type=2 2 2 2 2 2 2 2 2
left_child=3 2 -2 -1 -3 -5 -7 -4 -9
right_child=1 4 7 5 -6 6 -8 8 -10
leaf_value=0.045223016288160001 0.040418519585674953 0.018417892574578754 -0.029258686583581245 0.019956636155191103 -0.049580432672498259 -0.038221914137594515 0.0091328793908991325 0.017193705253847214 -0.016062444310315525
leaf_weight=1.5609593838453295 0.97951896488666512 0.23872283101081881 0.45093914866447449 0.35694712400436379 2.227128729224205 0.67719268798828125 0.18123647570610046 0.23385696113109589 0.22857481241226196
leaf_count=9 5 1 2 2 13 3 1 1 1
internal_value=0 -0.0171925 0.0115627 0.0236085 -0.0391095 -0.00657229 -0.0248147 -0.0193186 0
internal_weight=0 4.35874 1.89289 2.77634 2.46585 1.21538 0.858429 0.913371 0.462432
internal_count=38 23 9 15 14 6 4 4 2
is_linear=0
shrinkage=0.05


Tree=21
num_leaves=8
num_cat=0
split_feature=1 13 12 8 3 11 4
split_gain=1.23945 1.30085 1.22566 1.03449 0.95671 0.915911 0.117606
threshold=1.0000000180025095e-35 -43944877.352356263 398.50000000000006 171.00000000000003 -27282.80035111657 3627.0000000000005 -25315.074239949114
decision_type=2 2 2 2 2 2 2
left_child=2 3 -1 -2 -3 -4 -5
right_child=1 4 5 6 -6 -7 -8
leaf_value=-0.027238682993133846 0.039613966222910649 0.018159977098067947 0.04863188917162671 0 -0.048705340335717946 -0.017301767844655532 -0.028689724178861217
leaf_weight=0.43479573726654086 0.96098236739635445 0.23777160048484836 2.0553489625453953 0.46052634716033936 2.1651550829410553 0.23432222008705128 0.44654498994350433
leaf_count=2 5 1 12 2 13 1 2
internal_value=0 -0.0166954 0.0231769 0.011134 -0.0381719 0.038001 -0.0189623
internal_weight=0 4.27098 2.72447 1.86805 2.40293 2.28967 0.907071
internal_count=38 23 15 9 14 13 4
is_linear=0
shrinkage=0.05


Tree=22
num_leaves=9
num_cat=0
split_feature=2 13 12 8 3 11 0 0
split_gain=1.13682 1.21587 1.16702 0.987505 0.92486 0.885064 0.12092 0.163207
threshold=1.0000000180025095e-35 -43944877.352356263 398.50000000000006 171.00000000000003 -27282.80035111657 3627.0000000000005 0.12500000000000025 0.66666666666666685
decision_type=2 2 2 2 2 2 2 2
left_child=1 3 -2 -1 -3 -4 -5 -8
right_child=2 4 5 6 -6 -7 7 -9
leaf_value=0.038836676408864707 -0.026755400461332825 0.017906947676742918 0.047766285569101202 -0.028468867393110959 -0.047862288086282456 -0.017064762141205361 0.016958689534466217 -0.015467212954582858
leaf_weight=0.94258067011833169 0.43047064542770419 0.23680000007152591 1.999268561601639 0.44452193379402161 2.104276105761528 0.2332928180694579 0.23282137513160706 0.22549697756767273
leaf_count=5 2 1 12 2 13 1 1 1
internal_value=0 -0.016204 0.0223308 0.0107175 -0.0372633 0.0370803 -0.0185773 0
internal_weight=0 4.1865 2.66303 1.84542 2.34108 2.23256 0.90284 0.458318
internal_count=38 23 15 9 14 13 4 2
is_linear=0
shrinkage=0.05


Tree=23
num_leaves=9
num_cat=0
split_feature=0 9 3 10 7 3 9 6
split_gain=1.0491 1.52615 0.921729 1.28713 0.46289 0.518796 0.426447 0.386173
threshold=0.12500000000000025 15636.000000000002 11874.98854736622 319.50000000000006 78.500000000000014 28136.609815724994 9660.0000000000018 1292.0000000000002
decision_type=2 2 2 2 2 2 2 2
left_child=-1 2 3 7 -4 -6 -5 -2
right_child=1 -3 4 6 5 -7 -8 -9
leaf_value=-0.038959864863686189 -0.035392142547689784 0.045263855379974183 0.010013458590066545 0.044419813830651814 -0.047261626732183648 0.0079633894245010987 -0.0063537882808214034 0.010013458590066544
leaf_weight=0.90986129641532887 0.83917690813541435 1.4163540154695509 0.18850460648536671 1.3716158419847486 1.4620776772499082 0.17113885283470143 0.1565277725458144 0.18850460648536682
leaf_count=5 5 8 1 8 8 1 1 1
internal_value=0 0.00808634 -0.00655415 0.0108933 -0.0301251 -0.0385171 0.0363806 -0.0231375
internal_weight=0 5.7939 4.37755 2.55583 1.82172 1.63322 1.52814 1.02768
internal_count=38 33 25 15 10 9 9 6
is_linear=0
shrinkage=0.05


Tree=24
num_leaves=9
num_cat=0
split_feature=0 9 3 10 7 3 9 5
split_gain=0.998544 1.4386 0.852668 1.20882 0.444823 0.501764 0.413419 0.37381
threshold=0.12500000000000025 15636.000000000002 11874.98854736622 319.50000000000006 78.500000000000014 28136.609815724994 9660.0000000000018 9785.5000000000018
decision_type=2 2 2 2 2 2 2 2
left_child=-1 2 3 7 -4 -6 -5 -2
right_child=1 -3 4 6 5 -7 -8 -9
leaf_value=-0.038203545324786405 -0.034742901715345303 0.044399951803019137 0.0098977539127384287 0.043586457638890075 -0.046321898821995576 0.0078768685235159428 -0.0062884893756641998 0.0098977539127384252
leaf_weight=0.89270596206188191 0.82271885871887229 1.3831655681133268 0.18756721913814534 1.3391939699649809 1.42904856801033 0.17037327587604512 0.155919849872589 0.18756721913814545
leaf_count=5 5 8 1 8 8 1 1 1
internal_value=0 0.00799929 -0.00632441 0.0105539 -0.0291784 -0.0375629 0.0355183 -0.0225113
internal_weight=0 5.67555 4.29239 2.5054 1.78699 1.59942 1.49511 1.01029
internal_count=38 33 25 15 10 9 9 6
is_linear=0
shrinkage=0.05


Tree=25
num_leaves=9
num_cat=0
split_feature=0 9 3 10 7 3 9 5
split_gain=0.950954 1.35666 0.788728 1.13553 0.427589 0.485525 0.400935 0.361928
threshold=0.12500000000000025 15636.000000000002 11874.98854736622 319.50000000000006 78.500000000000014 28136.609815724994 9660.0000000000018 9785.5000000000018
decision_type=2 2 2 2 2 2 2 2
left_child=-1 2 3 7 -4 -6 -5 -2
right_child=1 -3 4 6 5 -7 -8 -9
leaf_value=-0.037470760374194834 -0.034111315102625606 0.043565360829258833 0.0097837582081587871 0.0427798269344183 -0.045416819770372346 0.0077915264088290279 -0.0062240182542880051 0.0097837582081587854
leaf_weight=0.87574516236782063 0.80655635893344912 1.3504533022642133 0.18663834035396565 1.307310491800308 1.3963439315557478 0.16961579024791706 0.15531855821609486 0.18663834035396576
leaf_count=5 5 8 1 8 8 1 1 1
internal_value=0 0.00791724 -0.0060995 0.0102243 -0.0282605 -0.03664 0.034681 -0.0219016
internal_weight=0 5.55888 4.20842 2.45582 1.7526 1.56596 1.46263 0.993195
internal_count=38 33 25 15 10 9 9 6
is_linear=0
shrinkage=0.05


Tree=26
num_leaves=10
num_cat=0
split_feature=0 9 9 12 8 6 4 7 7
split_gain=0.906124 1.27992 0.587189 1.15813 0.401181 0.0797666 0.0839152 0.0634831 0.0341172
threshold=0.12500000000000025 15636.000000000002 4418.5000000000009 398.50000000000006 390.00000000000006 907.50000000000011 26799.275330547553 98.500000000000014 78.500000000000014
decision_type=2 2 2 2 2 2 2 2 2
left_child=-1 2 3 -2 -4 -6 -7 8 -5
right_child=1 -3 4 7 5 6 -8 -9 -10
leaf_value=-0.036760126693900178 -0.029909398648225533 0.042757911465545279 -0.033944193393694887 0.0096714387561169513 0.015882402979090906 -0.015398637915639741 0.0058093431855443106 0.038075082921626084 -0.0049617294759315778
leaf_weight=0.85900264978408802 0.56150175631046284 1.318268835544586 1.4753930568695071 0.18571799993515004 0.22766536474227894 0.29807551205158234 0.15142688155174255 1.0826313793659208 0.14335165917873383
leaf_count=5 3 8 9 1 1 2 1 7 1
internal_value=0 0.00783981 -0.00587909 0.0108303 -0.0222382 0.00272898 -0.00370049 0.0335379 0
internal_weight=0 5.44403 4.12576 1.9732 2.15256 0.677168 0.449502 1.4117 0.32907
internal_count=38 33 25 12 13 4 3 9 2
is_linear=0
shrinkage=0.05


Tree=27
num_leaves=9
num_cat=0
split_feature=0 5 4 14 7 3 3 0
split_gain=0.8619 1.22256 1.08534 0.627786 0.690597 0.414156 0.365553 0.199644
threshold=0.12500000000000025 3802.0000000000005 -2916.0913225270292 122345369.93030357 98.500000000000014 27057.09481326547 -10792.361645944698 0.60416666666666685
decision_type=2 2 2 2 2 2 2 2
left_child=-1 2 6 4 -4 -3 -2 -5
right_child=1 5 3 7 -6 -7 -8 -9
leaf_value=-0.03607038086543618 0.0048843531331347369 0.044999960601179695 -0.01454423720564013 -0.027543330170170105 0.041951053545391498 -0.0056264891627826018 -0.043046300592366193 0.0057508590421719921
leaf_weight=0.84249866008758534 0.14260712265968334 1.5123054683208463 0.28685495257377702 0.51696187257766713 1.2727149575948713 0.14969797432422627 1.3199601471424098 0.15087473392486572
leaf_count=5 1 9 2 3 8 1 8 1
internal_value=0 0.00769902 -0.00773468 0.0121383 0.0279868 0.037795 -0.0356974 -0.0164835
internal_weight=0 5.35198 3.68997 2.22741 1.55957 1.662 1.46257 0.667837
internal_count=38 33 23 14 10 10 9 4
is_linear=0
shrinkage=0.05


Tree=28
num_leaves=9
num_cat=0
split_feature=0 9 3 10 7 3 9 5
split_gain=0.815718 1.15798 0.654965 0.978251 0.376808 0.449686 0.361538 0.315218
threshold=0.12500000000000025 15636.000000000002 11874.98854736622 319.50000000000006 78.500000000000014 28136.609815724994 9660.0000000000018 9785.5000000000018
decision_type=2 2 2 2 2 2 2 2
left_child=-1 2 3 7 -4 -6 -5 -2
right_child=1 -3 4 6 5 -7 -8 -9
leaf_value=-0.035400369084607329 -0.032363397447177443 0.041244042433618053 0.0090504524159808388 0.040787180520789071 -0.043322760016527767 0.0076210800263410913 -0.0057253291198366991 0.0087322992380215961
leaf_weight=0.82625049352645863 0.76215703785419542 1.2577084451913831 0.18054080009460438 1.2251201122999189 1.3187415450811384 0.16809600591659535 0.15063345432281483 0.17783217132091522
leaf_count=5 5 8 1 8 8 1 1 1
internal_value=0 0.0074473 -0.0057431 0.00942665 -0.0263197 -0.034477 0.0327784 -0.0206977
internal_weight=0 5.24083 3.98312 2.31574 1.66738 1.48684 1.37575 0.939989
internal_count=38 33 25 15 10 9 9 6
is_linear=0
shrinkage=0.05


end of trees

feature_importances:
age=45
day_cos=40
edu_0=22
IH_daytime=21
ClothesWasher_midnight=20
day_sin_*_AirConditioner_daytime=20
TV_daytime=19
Microwave_daytime=13
day_sin=9
AirConditioner_daytime=9
ClothesWasher_daytime=8
RiceCooker_midnight=5
AirConditioner_midnight=2
edu_1=1
day_sin_*_Microwave_daytime=1

parameters:
[boosting: gbdt]
[objective: binary]
[metric: roc_auc]
[tree_learner: serial]
[device_type: cpu]
[data_sample_strategy: bagging]
[data: ]
[valid: ]
[num_iterations: 10000]
[learning_rate: 0.05]
[num_leaves: 30]
[num_threads: 0]
[seed: 0]
[deterministic: 0]
[force_col_wise: 0]
[force_row_wise: 0]
[histogram_pool_size: -1]
[max_depth: -1]
[min_data_in_leaf: 1]
[min_sum_hessian_in_leaf: 0.001]
[bagging_fraction: 0.952151]
[pos_bagging_fraction: 1]
[neg_bagging_fraction: 1]
[bagging_freq: 4]
[bagging_seed: 3]
[feature_fraction: 0.934062]
[feature_fraction_bynode: 1]
[feature_fraction_seed: 2]
[extra_trees: 0]
[extra_seed: 6]
[early_stopping_round: 0]
[early_stopping_min_delta: 0]
[first_metric_only: 0]
[max_delta_step: 0]
[lambda_l1: 0.105123]
[lambda_l2: 0.544979]
[linear_lambda: 0]
[min_gain_to_split: 0]
[drop_rate: 0.1]
[max_drop: 50]
[skip_drop: 0.5]
[xgboost_dart_mode: 0]
[uniform_drop: 0]
[drop_seed: 4]
[top_rate: 0.2]
[other_rate: 0.1]
[min_data_per_group: 100]
[max_cat_threshold: 32]
[cat_l2: 10]
[cat_smooth: 10]
[max_cat_to_onehot: 4]
[top_k: 20]
[monotone_constraints: ]
[monotone_constraints_method: basic]
[monotone_penalty: 0]
[feature_contri: ]
[forcedsplits_filename: ]
[refit_decay_rate: 0.9]
[cegb_tradeoff: 1]
[cegb_penalty_split: 0]
[cegb_penalty_feature_lazy: ]
[cegb_penalty_feature_coupled: ]
[path_smooth: 0]
[interaction_constraints: ]
[verbosity: -1]
[saved_feature_importance_type: 0]
[use_quantized_grad: 0]
[num_grad_quant_bins: 4]
[quant_train_renew_leaf: 0]
[stochastic_rounding: 1]
[linear_tree: 0]
[max_bin: 255]
[max_bin_by_feature: ]
[min_data_in_bin: 3]
[bin_construct_sample_cnt: 200000]
[data_random_seed: 1]
[is_enable_sparse: 1]
[enable_bundle: 1]
[use_missing: 1]
[zero_as_missing: 0]
[feature_pre_filter: 1]
[pre_partition: 0]
[two_round: 0]
[header: 0]
[label_column: ]
[weight_column: ]
[group_column: ]
[ignore_column: ]
[categorical_feature: ]
[forcedbins_filename: ]
[precise_float_parser: 0]
[parser_config_file: ]
[objective_seed: 5]
[num_class: 1]
[is_unbalance: 0]
[scale_pos_weight: 1]
[sigmoid: 1]
[boost_from_average: 1]
[reg_sqrt: 0]
[alpha: 0.9]
[fair_c: 1]
[poisson_max_delta_step: 0.7]
[tweedie_variance_power: 1.5]
[lambdarank_truncation_level: 30]
[lambdarank_norm: 1]
[label_gain: ]
[lambdarank_position_bias_regularization: 0]
[eval_at: ]
[multi_error_top_k: 1]
[auc_mu_weights: ]
[num_machines: 1]
[local_listen_port: 12400]
[time_out: 120]
[machine_list_filename: ]
[machines: ]
[gpu_platform_id: -1]
[gpu_device_id: -1]
[gpu_use_dp: 0]
[num_gpu: 1]

end of parameters

pandas_categorical:null
