tree
version=v4
num_class=1
num_tree_per_iteration=1
label_index=0
max_feature_idx=14
objective=binary sigmoid:1
feature_names=age edu_0 edu_1 day_cos day_sin AirConditioner_daytime AirConditioner_midnight ClothesWasher_daytime ClothesWasher_midnight Microwave_daytime RiceCooker_midnight TV_daytime IH_daytime day_sin_*_AirConditioner_daytime day_sin_*_Microwave_daytime
feature_infos=[0.083333333333333481:1] [0:1] [0:1] [-28133.953770688327:28199.866993667601] [-26499.39654168969:28064.69558692192] [0:16915] [32:22621] [5:850] [0:873] [66:19863] [16:5424] [0:5008] [0:9845] [-393023543.01611835:307357671.75955588] [-422550862.85317016:292002872.83046496]
tree_sizes=865 1042 944 951 1263 1055 1173 1278 1055 1159 850 1048 1257 1054

Tree=0
num_leaves=8
num_cat=0
split_feature=8 11 5 9 5 0 0
split_gain=6.78984 5.73822 2.97474 2.4804 1.88384 0.128347 0.642316
threshold=86.000000000000014 951.00000000000011 6.0000000000000009 13354.500000000002 10604.000000000002 0.72916666666666685 0.56250000000000033
decision_type=2 2 2 2 2 2 2
left_child=3 2 5 -1 -3 6 -2
right_child=1 4 -4 -5 -6 -7 -8
leaf_value=-0.08444981408791602 -0.032694168349055343 -0.071129720546693906 0.081623673741754402 0.032694168349055364 0.032694168349055364 -0.032694168349055357 0.032694168349055357
leaf_weight=2.7500000000000004 0.25000000000000033 1.2499999999999998 2.25 0.24999999999999989 0.24999999999999989 0.25 0.25
leaf_count=11 1 5 9 1 1 1 1
internal_value=0 0.019907 0.056998 -0.0712791 -0.0497506 -0.0196284 0
internal_weight=0 4.5 3 3 1.5 0.75 0.5
internal_count=30 18 12 12 6 3 2
is_linear=0
shrinkage=0.05


Tree=1
num_leaves=9
num_cat=0
split_feature=7 3 1 0 0 0 3 5
split_gain=5.94982 3.47314 2.19819 2.16371 1.522 1.33924 0.842661 0.593662
threshold=122.50000000000001 -27346.988719016477 1.0000000180025095e-35 0.56250000000000033 0.12500000000000025 0.87500000000000033 21912.674382352645 2860.5000000000005
decision_type=2 2 2 2 2 2 2 2
left_child=4 -2 3 -3 -1 -5 -6 -8
right_child=1 2 -4 5 6 -7 7 -9
leaf_value=-0.031308188318241705 0.04750387853592581 -0.057250468361601407 -0.08255488705998032 0.057676807719795747 0.072354733903409948 -0.031308188318241718 -0.031524222606273654 0.031353944885403849
leaf_weight=0.24955479800701175 0.49916812777519215 0.74879364669322945 2.9958021342754364 0.74910132586956024 1.4982026517391203 0.24955479800701141 0.24968405067920674 0.24958406388759613
leaf_count=1 2 3 12 3 6 1 1 1
internal_value=0 -0.045986 -0.0595081 -0.0102074 0.0438786 0.0321142 0.0578445 0
internal_weight=0 5.24242 4.74325 1.74745 2.24703 0.998656 1.99747 0.499268
internal_count=30 21 19 7 9 4 8 2
is_linear=0
shrinkage=0.05


Tree=2
num_leaves=8
num_cat=0
split_feature=7 3 1 14 3 3 5
split_gain=5.47066 3.26075 2.0013 3.78726 1.44237 0.783867 0.574376
threshold=122.50000000000001 -27346.988719016477 1.0000000180025095e-35 147232038.94435152 -25494.915930389536 21912.674382352645 2860.5000000000005
decision_type=2 2 2 2 2 2 2
left_child=4 -2 3 -3 -1 -6 -7
right_child=1 2 -4 -5 5 6 -8
leaf_value=-0.030804199720348504 0.046377782323162489 -0.062115888676643582 -0.079343965063322017 0.056041947317609475 0.069839708186128141 -0.031014499568043325 0.030848743692502508
leaf_weight=0.24916437268257174 0.49792152643203724 0.99563561379909493 2.9817865788936615 0.74707251787185669 1.4927191138267515 0.24934254586696614 0.24920395016670227
leaf_count=1 2 4 12 3 6 1 1
internal_value=0 -0.0441324 -0.0572888 -0.0100626 0.0421536 0.0558183 0
internal_weight=0 5.22242 4.72449 1.74271 2.24043 1.99127 0.498546
internal_count=30 21 19 7 9 8 2
is_linear=0
shrinkage=0.05


Tree=3
num_leaves=8
num_cat=0
split_feature=8 11 14 9 4 0 0
split_gain=5.46472 4.67619 2.02302 1.54996 1.46379 0.427541 0.918663
threshold=86.000000000000014 951.00000000000011 -244874509.98438606 1977.0000000000002 19696.60185095164 0.72916666666666685 0.56250000000000033
decision_type=2 2 2 2 2 2 2
left_child=2 4 -1 -3 -2 6 -6
right_child=1 3 -4 -5 5 -7 -8
leaf_value=0.029866782086642618 0.072467445213982989 0.029866782086642642 -0.075857255288669129 -0.064348037467872557 -0.029558578511989887 -0.029558578511989887 0.045413499679544493
leaf_weight=0.24809807538986239 1.9800913333892824 0.24809807538986195 2.7152537256479263 1.2365419715642927 0.24764820933341969 0.2476482093334198 0.49629513919353485
leaf_count=1 8 1 11 5 1 1 2
internal_value=0 0.0183477 -0.0638383 -0.0448171 0.0519453 9.80185e-05 0.0182491
internal_weight=0 4.45632 2.96335 1.48464 2.97168 0.991592 0.743943
internal_count=30 18 12 6 12 4 3
is_linear=0
shrinkage=0.05


Tree=4
num_leaves=11
num_cat=0
split_feature=7 10 2 0 0 5 14 14 0 0
split_gain=4.53199 4.74856 3.81699 2.32619 1.24383 0.94383 0.490942 0.822169 0.190416 0.642333
threshold=211.50000000000003 184.50000000000003 1.0000000180025095e-35 0.12500000000000025 0.72916666666666685 1003.0000000000001 -97023120.166501805 -244874509.98438606 0.56250000000000033 0.3541666666666668
decision_type=2 2 2 2 2 2 2 2 2 2
left_child=1 4 -2 -3 -1 8 7 -5 9 -4
right_child=2 3 5 6 -6 -7 -8 -9 -10 -11
leaf_value=-0.057345086022008662 -0.069401955566952944 -0.036000280037780615 0.037559545669003297 0.043630418792636801 0.028000864401294148 -0.028629038675719705 0.080853884287747479 -0.027612553266900566 0.053064801093384767 -0.028251586295285531
leaf_weight=0.97779969871044137 1.9573669135570526 0.24769529700279225 0.24517445266246773 0.49199061095714569 0.24459271132946014 0.24598443508148204 3.2091775089502339 0.24362209439277638 0.73969659209251404 0.24517445266246796
leaf_count=4 8 1 1 2 1 1 13 1 3 1
internal_value=0 0.0391193 -0.0303017 0.0629277 -0.0368351 0.025774 0.0725966 0.0180502 0.0420471 0.00656021
internal_weight=0 5.41488 3.4334 4.19249 1.22239 1.47603 3.94479 0.735613 1.23005 0.490349
internal_count=36 22 14 17 5 6 16 3 5 2
is_linear=0
shrinkage=0.05


Tree=5
num_leaves=9
num_cat=0
split_feature=1 3 10 8 9 0 3 9
split_gain=3.89689 6.72862 1.5956 1.49588 1.47143 0.975034 0.266423 0.115342
threshold=1.0000000180025095e-35 -27346.988719016477 4030.0000000000005 86.000000000000014 1977.0000000000002 0.87500000000000033 -20548.822131376626 5209.5000000000009
decision_type=2 2 2 2 2 2 2 2
left_child=2 -2 7 -3 -5 6 -6 -1
right_child=1 3 -4 4 5 -7 -8 -9
leaf_value=0.021678392568497604 0.066475429869202726 -0.068542861464344462 -0.028194110271592427 0.042432607960614641 -0.0057631075300957155 0.026801174480873498 -0.056444472077803579 0.072783753930339215
leaf_weight=0.73185503482818681 1.4705043137073515 2.1739207655191422 0.24504418671131123 0.48851113021373782 0.49138848483562469 0.24131692945957173 0.97293528914451577 1.9673272818326948
leaf_count=3 6 9 1 2 2 1 4 8
internal_value=0 -0.0124421 0.0537985 -0.0432077 -0.00986501 -0.0312785 -0.045468 0.0646297
internal_weight=0 5.83858 2.94423 4.36807 2.19415 1.70564 1.46432 2.69918
internal_count=36 24 12 18 9 7 6 11
is_linear=0
shrinkage=0.05


Tree=6
num_leaves=10
num_cat=0
split_feature=1 3 5 9 6 3 3 3 3
split_gain=3.58775 6.26126 1.90452 1.175 0.815253 0.441772 0.00794802 0.00412633 0.00370344
threshold=1.0000000180025095e-35 -27346.988719016477 2860.5000000000005 5209.5000000000009 1789.0000000000002 -25494.915930389536 14907.676309140734 1.0000000180025095e-35 -1.0000000180025095e-35
decision_type=2 2 2 2 2 2 2 2 2
left_child=3 -2 6 5 -4 -1 -3 -6 -7
right_child=1 2 4 -5 7 8 -8 -9 -10
leaf_value=-0.027770007576013191 0.064448582470366236 -0.067475148290619111 0.041145482552606943 0.070369482479698847 -0.0056184489516290697 0.02648527428895428 -0.025528811623775679 -0.025604544939318987 0.005896779977414896
leaf_weight=0.24402591586112976 1.4570081233978269 2.1587747931480412 0.48346614837646462 1.9506846964359281 0.49173218011856079 0.2403167337179184 0.95343880355358113 0.23721970617771149 0.49193549156188998
leaf_count=1 6 9 2 8 2 1 4 1 2
internal_value=0 -0.0119097 -0.0417483 0.0518585 0.00883762 0.00324916 -0.0600699 -0.0202635 0.0210281
internal_weight=0 5.78164 4.32463 2.92696 1.21242 0.976278 3.11221 0.728952 0.732252
internal_count=36 24 18 12 5 4 13 3 3
is_linear=0
shrinkage=0.05


Tree=7
num_leaves=11
num_cat=0
split_feature=3 2 5 3 6 10 3 6 3 10
split_gain=3.33178 5.91631 1.78223 1.3807 0.782244 0.363935 0.699305 0.0693979 0.00462828 0.00248975
threshold=-27346.988719016477 1.0000000180025095e-35 2860.5000000000005 -25494.915930389536 1789.0000000000002 42.500000000000007 -1.0000000180025095e-35 2424.5000000000005 1.0000000180025095e-35 1643.5000000000002
decision_type=2 2 2 2 2 2 2 2 2 2
left_child=-1 2 5 -3 -4 6 -2 -5 -6 -9
right_child=1 3 4 7 8 -7 -8 9 -10 -11
leaf_value=0.064797485070682725 -0.038115754634953196 -0.027356355367435099 0.040293830856363809 0.066701578933524422 -0.0054774644446709698 -0.066945994552410668 0.027330379371776375 0.025549510702960299 -0.025242506649203592 0.0057485813432902547
leaf_weight=1.6804213374853132 0.46819198131561279 0.24293495714664493 0.47968739271163918 1.692751929163933 0.49205978214740753 2.3667602390050888 0.24286319315433536 0.23701100051403035 0.23581376671791077 0.49229663610458374
leaf_count=7 2 1 2 7 2 10 1 1 1 2
internal_value=0 -0.00565462 -0.0404409 0.0476901 0.00854097 -0.0582872 -0.01334 0.058768 -0.0199225 0.0203279
internal_weight=0 6.95037 4.28538 2.66499 1.20756 3.07782 0.711055 2.42206 0.727874 0.729308
internal_count=36 29 18 11 5 13 3 10 3 3
is_linear=0
shrinkage=0.05


Tree=8
num_leaves=9
num_cat=0
split_feature=3 2 4 4 0 4 3 6
split_gain=3.60988 2.33266 1.35838 2.07153 1.45684 1.35387 0.84209 0.264001
threshold=-27346.988719016477 1.0000000180025095e-35 -14252.917372667915 -24035.920917815882 0.12500000000000025 -5793.5825582934785 1.0000000180025095e-35 2424.5000000000005
decision_type=2 2 2 2 2 2 2 2
left_child=-1 2 3 -2 -5 6 -3 -7
right_child=1 5 -4 4 -6 7 -8 -9
leaf_value=0.060766076943433459 -0.050594315810672197 0.025154641042268656 -0.064072717437627644 -0.035073082752837707 0.054717217538953804 0.055870179081530316 -0.048345342947301695 0.0056041545906322827
leaf_weight=1.422467917203903 0.92482896149158467 0.23546080291271243 1.8822160512208936 0.24878309667110465 0.96093069016933441 0.95689032971858956 0.49931289255619049 0.49264083802700043
leaf_count=6 4 1 8 1 4 4 2 2
internal_value=0 -0.016938 -0.0379817 -0.00699913 0.0311284 0.0214615 -0.0237849 0.044842
internal_weight=0 6.20106 4.01676 2.13454 1.20971 2.1843 0.734774 1.44953
internal_count=32 26 17 9 5 9 3 6
is_linear=0
shrinkage=0.05


Tree=9
num_leaves=10
num_cat=0
split_feature=4 14 5 0 13 2 0 0 4
split_gain=2.69509 2.79523 1.43227 2.00038 1.83377 1.10335 0.892402 0.225616 0.534856
threshold=-24035.920917815882 176804541.39591587 1003.0000000000001 0.12500000000000025 -862811.75575017452 1.0000000180025095e-35 0.56250000000000033 0.3541666666666668 19696.60185095164
decision_type=2 2 2 2 2 2 2 2 2
left_child=-1 2 4 -4 -2 -3 7 8 -6
right_child=1 5 3 -5 6 -7 -8 -9 -10
leaf_value=-0.056738638764499555 -0.047879733829073859 -0.056033565112810685 -0.034466154283767349 0.067760191491797267 0.036187360248049784 0.024894129563390988 0.052292779851287156 -0.028413487538758039 -0.024369289580814076
leaf_weight=1.1614590138196943 0.70379169285297427 1.1652331948280332 0.24931624531745944 2.3578815162181854 0.24743737280368783 0.23438726365566243 0.94117380678653717 0.24553151428699493 0.23210141062736511
leaf_count=5 3 5 1 10 1 1 4 1 1
internal_value=0 0.0141976 0.0315265 0.0538617 0.00168964 -0.0392581 0.0290605 -0.0097822 0.00895112
internal_weight=0 6.37685 4.97723 2.6072 2.37004 1.39962 1.66624 0.72507 0.479539
internal_count=32 27 21 11 10 6 7 3 2
is_linear=0
shrinkage=0.05


Tree=10
num_leaves=7
num_cat=0
split_feature=3 1 8 4 4 3
split_gain=3.1767 2.09151 2.26246 1.1737 1.80131 0.460234
threshold=-27346.988719016477 1.0000000180025095e-35 23.000000000000004 -14252.917372667915 -24035.920917815882 -20548.822131376626
decision_type=2 2 2 2 2 2
left_child=-1 2 -2 4 -3 -6
right_child=1 3 -4 -5 5 -7
leaf_value=0.05747483709979348 -0.045947956027808143 -0.048152657292268336 0.046330960376583449 -0.06103166162247841 -0.0059808830968990662 0.045753557686538521
leaf_weight=1.3791011124849317 0.49692371487617526 0.89565216004848514 1.6600594222545622 1.8274823576211932 0.48768492043018352 0.69775657355785337
leaf_count=6 2 4 7 8 2 3
internal_value=0 -0.0162349 0.0202509 -0.0364834 -0.00709444 0.0287549
internal_weight=0 6.06556 2.15698 3.90858 2.08109 1.18544
internal_count=32 26 9 17 9 5
is_linear=0
shrinkage=0.05


Tree=11
num_leaves=9
num_cat=0
split_feature=7 2 8 0 8 0 6 0
split_gain=3.56941 2.02285 1.77662 1.85237 1.65433 0.813102 0.194931 0.601137
threshold=188.50000000000003 1.0000000180025095e-35 86.000000000000014 0.12500000000000025 23.000000000000004 0.3541666666666668 2424.5000000000005 0.3541666666666668
decision_type=2 2 2 2 2 2 2 2
left_child=2 -2 5 -4 -3 -1 -6 -8
right_child=1 4 3 -5 6 -7 7 -9
leaf_value=0.02729143850263914 -0.060853207927040735 -0.0448936414522133 -0.033774494492106545 0.063832571992917975 0.047584523258147958 -0.041804892051578481 0.034741815912052297 -0.028686550996180567
leaf_weight=0.24275490641593966 2.0161841213703156 0.49498070776462588 0.24974222481250796 2.4922716021537781 0.70271091163158395 0.65961915254592896 0.24909216165542603 0.24610096216201782
leaf_count=1 9 2 1 11 3 3 1 1
internal_value=0 -0.0323008 0.0330599 0.050961 0.00763509 -0.019794 0.03644 0.00420179
internal_weight=0 3.70907 3.64439 2.74201 1.69288 0.902374 1.1979 0.495193
internal_count=32 16 16 12 7 4 5 2
is_linear=0
shrinkage=0.05


Tree=12
num_leaves=11
num_cat=0
split_feature=0 9 10 11 8 0 0 4 4 0
split_gain=1.6929 1.76842 1.73085 1.27254 0.704065 1.34417 0.618919 0.588757 0.508262 0.221238
threshold=0.12500000000000025 10093.000000000002 473.00000000000006 1874.5000000000002 502.00000000000006 0.3541666666666668 0.56250000000000033 -11689.348216961132 28049.02381314155 0.87500000000000033
decision_type=2 2 2 2 2 2 2 2 2 2
left_child=-1 2 9 -3 5 -4 -6 -7 -8 -2
right_child=1 3 4 -5 6 7 8 -9 -10 -11
leaf_value=-0.052697202471038686 -0.054122329271727658 0.057926710705722584 0.058898436052402782 -0.026717903592273742 -0.040484059619364639 0.023109760426251132 0.035115916810164537 -0.038207966802050644 -0.021997380901238314 -0.0060167626034497287
leaf_weight=0.91099224984645832 1.1157999485731123 1.5745159387588499 0.97103156149387382 0.24105891585350026 0.47071667015552499 0.2259431928396225 0.44701145589351654 0.46017560362815857 0.21971806883811951 0.46823410689830769
leaf_count=4 5 7 4 1 2 1 2 2 1 2
internal_value=0 0.00755884 -0.0100235 0.0431489 0.0134819 0.0309418 -0.0133691 -0.0164117 0.014553 -0.0449781
internal_weight=0 6.19421 4.37863 1.81557 2.7946 1.65715 1.13745 0.686119 0.66673 1.58403
internal_count=31 27 19 8 12 7 5 3 3 7
is_linear=0
shrinkage=0.05


Tree=13
num_leaves=9
num_cat=0
split_feature=3 1 13 3 6 9 5 6
split_gain=3.01168 2.37738 1.74596 0.771732 1.07701 0.322042 0.28739 0.279768
threshold=-27346.988719016477 1.0000000180025095e-35 -46457731.508225396 -25494.915930389536 219.00000000000003 5209.5000000000009 2860.5000000000005 2424.5000000000005
decision_type=2 2 2 2 2 2 2 2
left_child=-1 3 6 -2 -5 -6 -3 -8
right_child=1 2 -4 4 5 -7 7 -9
leaf_value=0.053680206950442511 -0.029634419934946223 -0.020708933589175187 -0.06307961733375804 -0.029587256894648611 0.0038568369984468285 0.055299549714340916 0.034879949844821463 -0.0062272845571447718
leaf_weight=1.3115431517362592 0.24776354432106051 0.21160197257995583 2.4239864796400075 0.24769218266010273 0.49374011158943165 1.157629072666168 0.44515818357467651 0.48126685619354248
leaf_count=6 1 1 11 1 2 5 2 2
internal_value=0 -0.0195833 -0.0425357 0.0191751 0.0305851 0.044603 0.00685984 0.0185258
internal_weight=0 5.70884 3.56201 2.14682 1.89906 1.65137 1.13803 0.926425
internal_count=31 25 16 9 8 7 5 4
is_linear=0
shrinkage=0.05


end of trees

feature_importances:
age=23
day_cos=22
day_sin=10
AirConditioner_daytime=9
AirConditioner_midnight=7
ClothesWasher_midnight=7
Microwave_daytime=7
edu_0=6
edu_1=5
RiceCooker_midnight=5
day_sin_*_Microwave_daytime=5
ClothesWasher_daytime=4
TV_daytime=3
day_sin_*_AirConditioner_daytime=2

parameters:
[boosting: gbdt]
[objective: binary]
[metric: roc_auc]
[tree_learner: serial]
[device_type: cpu]
[data_sample_strategy: bagging]
[data: ]
[valid: ]
[num_iterations: 10000]
[learning_rate: 0.05]
[num_leaves: 17]
[num_threads: 0]
[seed: 0]
[deterministic: 0]
[force_col_wise: 0]
[force_row_wise: 0]
[histogram_pool_size: -1]
[max_depth: -1]
[min_data_in_leaf: 1]
[min_sum_hessian_in_leaf: 0.001]
[bagging_fraction: 0.790671]
[pos_bagging_fraction: 1]
[neg_bagging_fraction: 1]
[bagging_freq: 4]
[bagging_seed: 3]
[feature_fraction: 0.586273]
[feature_fraction_bynode: 1]
[feature_fraction_seed: 2]
[extra_trees: 0]
[extra_seed: 6]
[early_stopping_round: 0]
[early_stopping_min_delta: 0]
[first_metric_only: 0]
[max_delta_step: 0]
[lambda_l1: 0.00884547]
[lambda_l2: 0.501135]
[linear_lambda: 0]
[min_gain_to_split: 0]
[drop_rate: 0.1]
[max_drop: 50]
[skip_drop: 0.5]
[xgboost_dart_mode: 0]
[uniform_drop: 0]
[drop_seed: 4]
[top_rate: 0.2]
[other_rate: 0.1]
[min_data_per_group: 100]
[max_cat_threshold: 32]
[cat_l2: 10]
[cat_smooth: 10]
[max_cat_to_onehot: 4]
[top_k: 20]
[monotone_constraints: ]
[monotone_constraints_method: basic]
[monotone_penalty: 0]
[feature_contri: ]
[forcedsplits_filename: ]
[refit_decay_rate: 0.9]
[cegb_tradeoff: 1]
[cegb_penalty_split: 0]
[cegb_penalty_feature_lazy: ]
[cegb_penalty_feature_coupled: ]
[path_smooth: 0]
[interaction_constraints: ]
[verbosity: -1]
[saved_feature_importance_type: 0]
[use_quantized_grad: 0]
[num_grad_quant_bins: 4]
[quant_train_renew_leaf: 0]
[stochastic_rounding: 1]
[linear_tree: 0]
[max_bin: 255]
[max_bin_by_feature: ]
[min_data_in_bin: 3]
[bin_construct_sample_cnt: 200000]
[data_random_seed: 1]
[is_enable_sparse: 1]
[enable_bundle: 1]
[use_missing: 1]
[zero_as_missing: 0]
[feature_pre_filter: 1]
[pre_partition: 0]
[two_round: 0]
[header: 0]
[label_column: ]
[weight_column: ]
[group_column: ]
[ignore_column: ]
[categorical_feature: ]
[forcedbins_filename: ]
[precise_float_parser: 0]
[parser_config_file: ]
[objective_seed: 5]
[num_class: 1]
[is_unbalance: 0]
[scale_pos_weight: 1]
[sigmoid: 1]
[boost_from_average: 1]
[reg_sqrt: 0]
[alpha: 0.9]
[fair_c: 1]
[poisson_max_delta_step: 0.7]
[tweedie_variance_power: 1.5]
[lambdarank_truncation_level: 30]
[lambdarank_norm: 1]
[label_gain: ]
[lambdarank_position_bias_regularization: 0]
[eval_at: ]
[multi_error_top_k: 1]
[auc_mu_weights: ]
[num_machines: 1]
[local_listen_port: 12400]
[time_out: 120]
[machine_list_filename: ]
[machines: ]
[gpu_platform_id: -1]
[gpu_device_id: -1]
[gpu_use_dp: 0]
[num_gpu: 1]

end of parameters

pandas_categorical:null
