tree
version=v4
num_class=1
num_tree_per_iteration=1
label_index=0
max_feature_idx=14
objective=binary sigmoid:1
feature_names=age edu_0 edu_1 day_cos day_sin AirConditioner_daytime AirConditioner_midnight ClothesWasher_daytime ClothesWasher_midnight Microwave_daytime RiceCooker_midnight TV_daytime IH_daytime day_sin_*_AirConditioner_daytime day_sin_*_Microwave_daytime
feature_infos=[0.041666666666666963:1] [0:1] [0:1] [-28217.661891615291:28158.01138283452] [-27964.437139298483:26413.294628862081] [0:15616] [22:10757] [14:363] [0:1000] [1236:17301] [26:3426] [0:6575] [101:5664] [-221817121.88026255:80507722.028771624] [-441850191.8419171:282410946.17179334]
tree_sizes=781 715 810 815 807 952 940 948 953 954 955 953 954 961 957 948 951 951 954 957 857

Tree=0
num_leaves=7
num_cat=0
split_feature=11 5 3 11 11 0
split_gain=6.05099 3.97136 4.44127 3.48909 2.91665 1.47921
threshold=410.50000000000006 3297.5000000000005 -10792.361645944466 3370.0000000000005 307.00000000000006 0.37500000000000028
decision_type=2 2 2 2 2 2
left_child=1 2 4 -2 -1 -3
right_child=3 5 -4 -5 -6 -7
leaf_value=0.098433888634082978 -0.099407163666249673 0 -0.098821005802808642 0.09543819336789397 -0.095438193367893928 0.099211041253472104
leaf_weight=0.74999999999999956 2.0000000000000004 0.49999999999999989 1.0000000000000002 0.24999999999999989 0.25 1.4999999999999998
leaf_count=3 8 2 4 1 1 6
internal_value=0 0.0249158 -0.024832 -0.0773624 0.0493843 0.0745488
internal_weight=0 4 2 2.25 1 2
internal_count=25 16 8 9 4 8
is_linear=0
shrinkage=0.05


Tree=1
num_leaves=6
num_cat=0
split_feature=1 11 5 11 3
split_gain=8.91809 3.43017 4.65411 2.71929 0.566824
threshold=1.0000000180025095e-35 410.50000000000006 2257.5000000000005 150.00000000000003 -10792.361645944466
decision_type=2 2 2 2 2
left_child=-1 2 -2 4 -4
right_child=1 -3 3 -5 -6
leaf_value=0.094562368825744203 -0.094204515419974558 -0.094701270738665355 0 0.094157752430031827 -0.09092832366228365
leaf_weight=1.496379882097244 0.99760352075099978 1.995067238807678 0.5 0.99755290150642395 0.24939064681529977
leaf_count=6 4 8 2 4 1
internal_value=0 -0.0450077 -0.00862305 0.0405124 -0.0311687
internal_weight=0 4.73961 2.74455 1.74694 0.749391
internal_count=25 19 11 7 3
is_linear=0
shrinkage=0.05


Tree=2
num_leaves=7
num_cat=0
split_feature=1 14 11 9 3 3
split_gain=8.11114 4.68345 2.15693 1.38407 1.56935 0.516748
threshold=1.0000000180025095e-35 -153412022.89053422 150.00000000000003 12233.500000000002 20876.36905115443 -1.0000000180025095e-35
decision_type=2 2 2 2 2 2
left_child=-1 2 5 -3 -5 -2
right_child=1 3 -4 4 -6 -7
leaf_value=0.090499331310371731 0 -0.090816341256652389 0.089761092235025625 0.087023744243505119 -0.087006477676066216 -0.087006477676066438
leaf_weight=1.4861335903406141 0.5 2.7244931310415277 0.74303255975246429 0.24769604206085194 0.24768570065498352 0.24768570065498285
leaf_count=6 2 11 3 1 1 1
internal_value=0 -0.04305 0.03004 -0.0768917 0 -0.0296959
internal_weight=0 4.71059 1.49072 3.21987 0.495382 0.747686
internal_count=25 19 6 13 2 3
is_linear=0
shrinkage=0.05


Tree=3
num_leaves=7
num_cat=0
split_feature=2 14 11 9 0 3
split_gain=7.40436 4.27761 1.97282 1.26436 1.43758 0.474941
threshold=1.0000000180025095e-35 -153412022.89053422 150.00000000000003 12233.500000000002 0.4791666666666668 -1.0000000180025095e-35
decision_type=2 2 2 2 2 2
left_child=1 2 5 -3 -5 -1
right_child=-2 3 -4 4 -6 -7
leaf_value=0 0.086951631685480146 -0.087248982906892217 0.086262025266693146 -0.083682487508934686 0.083697759239910269 -0.083682487508934866
leaf_weight=0.5 1.4702828079462049 2.6952750086784372 0.73516809940338135 0.24516223371028889 0.24517643451690674 0.24516223371028834
leaf_count=2 6 11 3 1 1 1
internal_value=0 -0.0413095 0.0287437 -0.0738656 0 -0.0283776
internal_weight=0 4.66594 1.48033 3.18561 0.490339 0.745162
internal_count=25 19 6 13 2 3
is_linear=0
shrinkage=0.05


Tree=4
num_leaves=7
num_cat=0
split_feature=2 14 11 9 0 5
split_gain=6.78192 3.92125 1.81066 1.15937 1.32105 0.438331
threshold=1.0000000180025095e-35 -153412022.89053422 150.00000000000003 12233.500000000002 0.4791666666666668 4853.0000000000009
decision_type=2 2 2 2 2 2
left_child=1 2 5 -3 -5 -1
right_child=-2 3 -4 4 -6 -7
leaf_value=-0.080732743024348116 0.083829704246913328 -0.084112237695390446 0.083177347104997829 -0.080732743024347936 0.080746335915193229 0
leaf_weight=0.24191091954708033 1.4497216492891309 2.6573662608861932 0.72498634457588196 0.24191091954708088 0.24192838370800018 0.5
leaf_count=1 6 11 3 1 1 2
internal_value=0 -0.0397598 0.0275637 -0.0712017 0 -0.027147
internal_weight=0 4.6081 1.4669 3.14121 0.483839 0.741911
internal_count=25 19 6 13 2 3
is_linear=0
shrinkage=0.05


Tree=5
num_leaves=8
num_cat=0
split_feature=10 8 0 9 10 13 1
split_gain=2.54299 2.60654 2.35565 4.88369 4.52545 2.42169 1.98474
threshold=1072.0000000000002 1.0000000180025095e-35 0.72916666666666685 7808.0000000000009 317.50000000000006 -106828258.13822503 1.0000000180025095e-35
decision_type=2 2 2 2 2 2 2
left_child=1 -1 3 5 -5 -3 -2
right_child=6 2 -4 4 -6 -7 -8
leaf_value=-0.079675556281503704 0.077790606029521175 0.077884001075733067 0.095620754696851343 -0.079658552612292086 0.089257279860056937 -0.097277534348727962 -0.080939896416553081
leaf_weight=0.47491009533405293 0.23753301799297333 0.2376914769411087 1.4417592138051984 0.47485250234603915 2.1716506630182266 0.96694020926952384 0.95157486200332619
leaf_count=2 1 1 6 2 9 4 4
internal_value=0 0.0312328 0.041344 0.0207884 0.0587178 -0.0622661 -0.0487508
internal_weight=0 5.7678 5.29289 3.85113 2.6465 1.20463 1.18911
internal_count=29 24 22 16 11 5 5
is_linear=0
shrinkage=0.05


Tree=6
num_leaves=8
num_cat=0
split_feature=5 6 12 8 5 5 9
split_gain=3.91824 3.40485 2.6257 3.05832 2.06651 2.04668 0.491164
threshold=2257.5000000000005 3309.0000000000005 2333.0000000000005 166.50000000000003 1213.0000000000002 13569.500000000002 3647.0000000000005
decision_type=2 2 2 2 2 2 2
left_child=2 5 3 -1 -5 6 -2
right_child=1 -3 -4 4 -6 -7 -8
leaf_value=-0.092154360230373794 0.037450416515357812 -0.077252056942419892 -0.084680951299495322 0.088954631132460577 -0.074837241258145989 -0.075341271547900504 0.085266170545346132
leaf_weight=0.4813502132892612 0.71425642073154527 0.46574684977531422 1.1810224354267118 0.94001519680023171 0.23178526759147644 0.23287239670753468 2.6161984950304031
leaf_count=2 3 2 5 4 1 1 11
internal_value=0 0.0484855 -0.028115 0.0125673 0.0561026 0.0651288 0.07519
internal_weight=0 4.02907 2.83417 1.65315 1.1718 3.56333 3.33045
internal_count=29 17 12 7 5 15 14
is_linear=0
shrinkage=0.05


Tree=7
num_leaves=8
num_cat=0
split_feature=5 6 12 8 10 8 5
split_gain=3.59435 3.12751 2.41521 2.8011 2.03097 2.17928 1.90137
threshold=2257.5000000000005 3309.0000000000005 2333.0000000000005 166.50000000000003 2082.5000000000005 1.0000000180025095e-35 1213.0000000000002
decision_type=2 2 2 2 2 2 2
left_child=2 4 3 -1 5 -2 -5
right_child=1 -3 -4 6 -6 -7 -8
leaf_value=-0.088515067023709482 -0.073239920276515338 -0.075087433770862397 -0.081935386986277822 0.085857319527326087 -0.076403504523454832 0.084152088321797908 -0.072782871554004008
leaf_weight=0.47666646540164981 0.22802551090717438 0.45579466223716725 1.1604654937982557 0.92599153518676736 0.23501662909984578 3.0515563040971756 0.22685745358467102
leaf_count=2 1 2 5 4 1 13 1
internal_value=0 0.0467511 -0.0271758 0.0120872 0.0627585 0.072977 0.0541878
internal_weight=0 3.97039 2.78998 1.62952 3.5146 3.27958 1.15285
internal_count=29 17 12 7 15 14 5
is_linear=0
shrinkage=0.05


Tree=8
num_leaves=8
num_cat=0
split_feature=6 6 11 11 13 3 10
split_gain=2.08542 2.50188 2.22795 2.27836 1.88081 2.62511 1.61379
threshold=520.00000000000011 3309.0000000000005 410.50000000000006 150.00000000000003 -1.0000000180025095e-35 -1.0000000180025095e-35 571.50000000000011
decision_type=2 2 2 2 2 2 2
left_child=2 4 3 -1 -2 6 -6
right_child=1 -3 -4 -5 5 -7 -8
leaf_value=-0.036992430928655826 0.085962340129984688 -0.073130937051219785 -0.081374369269194627 0.083216430948217443 0.074692880303228695 -0.085522130880236524 -0.070556286218659253
leaf_weight=0.88635641336441062 1.8771849721670153 0.44516316056251515 0.92482532560825337 0.6915854811668396 1.115292355418205 0.47227953374385823 0.22053197026252735
leaf_count=4 8 2 4 3 5 2 1
internal_value=0 0.0374903 -0.0202432 0.0158786 0.0510513 0.0144659 0.0502803
internal_weight=0 4.13045 2.50277 1.57794 3.68529 1.8081 1.33582
internal_count=29 18 11 7 16 8 6
is_linear=0
shrinkage=0.05


Tree=9
num_leaves=8
num_cat=0
split_feature=5 11 4 14 14 4 1
split_gain=3.05092 2.49936 2.25753 1.53767 2.2718 2.38985 1.48902
threshold=2257.5000000000005 410.50000000000006 -2916.0913225270292 -45352740.162715852 31553930.896059636 -25255.883065286245 1.0000000180025095e-35
decision_type=2 2 2 2 2 2 2
left_child=3 -2 6 -1 5 -5 -3
right_child=1 2 -4 4 -6 -7 -8
leaf_value=-0.078362951789210988 0.077823322331582498 0.070046005143862819 0.085037899522576968 -0.090597625956967465 -0.072337040157419916 0.081276414565491506 -0.072970276604409176
leaf_weight=0.89824253320694003 2.2353312671184544 0.21892522275447834 0.4786069095134734 0.24929314851760864 0.65406003594398487 0.90226365625858285 0.87545335292816151
leaf_count=4 10 1 2 1 3 4 4
internal_value=0 0.0439794 -0.00429557 -0.0253496 0.00131981 0.0434998 -0.0438856
internal_weight=0 3.80832 1.57299 2.70386 1.80562 1.15156 1.09438
internal_count=29 17 7 12 8 5 5
is_linear=0
shrinkage=0.05


Tree=10
num_leaves=8
num_cat=0
split_feature=4 9 11 10 8 1 3
split_gain=3.48154 1.60893 3.34881 1.23659 1.10488 2.04138 0.124795
threshold=-12734.538568007012 7808.0000000000009 410.50000000000006 322.00000000000006 390.00000000000006 1.0000000180025095e-35 14487.434496763213
decision_type=2 2 2 2 2 2 2
left_child=1 2 -1 -2 -5 -6 -3
right_child=3 6 -4 4 5 -7 -8
leaf_value=0.078307938315052408 -0.067796187610495717 -0.12033133332435936 -0.078459874361061999 0.078701049054808625 0.070446248253585184 -0.069812487916750418 -0.073074411538269587
leaf_weight=0.66343575716018699 0.21108005940914187 0.23916901648044575 0.67651455104351044 1.797495946288109 0.63322612643241882 0.42284783720970132 0.65436658263206482
leaf_count=3 1 1 3 8 3 2 3
internal_value=0 -0.0356288 -0.000795969 0.0462676 0.0549595 0.0140918 -0.0871379
internal_weight=0 2.23349 1.33995 3.06465 2.85357 1.05607 0.893536
internal_count=24 10 6 14 13 5 4
is_linear=0
shrinkage=0.05


Tree=11
num_leaves=8
num_cat=0
split_feature=7 0 2 8 0 11 0
split_gain=3.39026 2.243 2.12679 1.18437 0.994861 0.830519 1.11061
threshold=222.50000000000003 0.43750000000000028 1.0000000180025095e-35 541.50000000000011 0.72916666666666685 150.00000000000003 0.81250000000000033
decision_type=2 2 2 2 2 2 2
left_child=1 -1 3 -3 -5 6 -2
right_child=5 2 -4 4 -6 -7 -8
leaf_value=-0.087129695114819994 0.077140404016540709 -0.069581025492171697 0.069337098738286237 -0.065793422981973257 0.067108651932027058 0.079027278078317068 -0.073683198820569965
leaf_weight=0.90164549648761783 0.23639211058616671 0.82569336891174339 0.82144221663475026 0.20296964049339294 0.40048658847808838 1.5615035295486448 0.22911833226680756
leaf_count=4 1 4 4 1 2 7 1
internal_value=0 -0.0210248 0.00574054 -0.0310357 0.0219305 0.061663 0.00280882
internal_weight=0 3.15224 2.25059 1.42915 0.603456 2.02701 0.46551
internal_count=24 15 11 7 3 9 2
is_linear=0
shrinkage=0.05


Tree=12
num_leaves=8
num_cat=0
split_feature=14 10 8 1 11 9 4
split_gain=3.5725 1.31355 1.15936 2.73069 1.15098 1.13367 0.0446925
threshold=-72430911.805261865 436.00000000000006 178.50000000000003 1.0000000180025095e-35 150.00000000000003 6392.5000000000009 -23359.319737160378
decision_type=2 2 2 2 2 2 2
left_child=1 6 -2 -4 -3 -6 -1
right_child=2 4 3 -5 5 -7 -8
leaf_value=-0.10685215300704072 0.079862082569206239 -0.070256296627454501 0.067704195220505262 -0.067128427389154782 -0.066840190098478344 0.066495835313612847 -0.073932182050987547
leaf_weight=0.2471330463886261 1.3757210522890093 0.42110186815261819 0.98520401120185852 0.59136192500591256 0.2073475569486618 0.58219707012176514 0.64136874675750766
leaf_count=1 6 2 5 3 1 3 3
internal_value=0 -0.0386277 0.0464928 0.016977 -0.00452925 0.0309606 -0.0843846
internal_weight=0 2.09915 2.95229 1.57657 1.21065 0.789545 0.888502
internal_count=24 10 14 8 6 4 4
is_linear=0
shrinkage=0.05


Tree=13
num_leaves=8
num_cat=0
split_feature=5 13 3 10 5 6 1
split_gain=2.31782 2.22962 2.09451 1.27039 0.992318 0.542373 0.814774
threshold=2257.5000000000005 -168383219.07772422 -1.0000000180025095e-35 2082.5000000000005 426.50000000000006 3309.0000000000005 1.0000000180025095e-35
decision_type=2 2 2 2 2 2 2
left_child=2 -2 4 5 -1 -3 -7
right_child=1 3 -4 -5 -6 6 -8
leaf_value=0.066213961692647719 -0.10088644482096008 0.072796619790695447 -0.070991457608903061 -0.065461625740406912 -0.062863741641435142 0.072677844849789938 -0.063534686697912054
leaf_weight=0.57667078077793132 0.24927042424678791 2.0610312223434462 1.2254899740219112 0.20151633024215687 0.18899077177047729 0.22658298909664154 0.19242529571056355
leaf_count=3 1 10 6 1 1 1 1
internal_value=0 0.0390421 -0.0306944 0.052441 0.0338304 0.0622981 0.00997438
internal_weight=0 2.93083 1.99115 2.68156 0.765662 2.48004 0.419008
internal_count=24 14 10 13 4 12 2
is_linear=0
shrinkage=0.05


Tree=14
num_leaves=8
num_cat=0
split_feature=14 12 7 1 0 0 0
split_gain=3.10795 1.27439 1.15775 2.19166 0.877531 0.304944 0.589234
threshold=-72430911.805261865 2150.5000000000005 222.50000000000003 1.0000000180025095e-35 0.37500000000000028 0.72916666666666685 0.54166666666666685
decision_type=2 2 2 2 2 2 2
left_child=1 -1 3 -2 -3 6 -6
right_child=2 4 -4 -5 5 -7 -8
leaf_value=-0.075307359178110239 0.065421580950008551 -0.07706894325741559 0.074380320282284113 -0.064738129249559517 0.061368785021229555 0.063437209016648469 -0.061931221349312872
leaf_weight=1.0308572947978971 0.74480699002742745 0.23626260459423054 1.4942009598016737 0.55371502041816756 0.1808207780122757 0.36225059628486633 0.18397913873195648
leaf_count=5 4 1 7 3 1 2 1
internal_value=0 -0.0369854 0.0445325 0.00979811 0.0043701 0.0316872 -0.000666269
internal_weight=0 1.99417 2.79272 1.29852 0.963313 0.727051 0.3648
internal_count=24 10 14 7 5 4 2
is_linear=0
shrinkage=0.05


Tree=15
num_leaves=8
num_cat=0
split_feature=11 0 3 11 3 3 5
split_gain=1.88644 2.31394 2.30678 1.03381 2.11241 1.13556 0.0270758
threshold=3370.0000000000005 0.72916666666666685 23575.991601307604 307.00000000000006 -10792.361645944466 25339.239806146357 2257.5000000000005
decision_type=2 2 2 2 2 2 2
left_child=1 3 6 4 -1 -6 -3
right_child=-2 2 -4 -5 5 -7 -8
leaf_value=0.063966650057939223 0.069249354227109663 0.098628336841431311 -0.066003880039104859 -0.071486327630451721 -0.074383864716495871 0.060370080292159616 0.070224220929274592
leaf_weight=0.53906466066837277 0.59277893602848042 0.24973878264427163 0.38526487350463867 1.8027595430612562 1.0208120644092562 0.1749587655067445 0.60085903108119965
leaf_count=3 3 1 2 9 5 1 3
internal_value=0 -0.0245212 0.0341301 -0.0450699 -0.0173014 -0.0542397 0.0798188
internal_weight=0 4.77346 1.23586 3.5376 1.73484 1.19577 0.850598
internal_count=27 24 6 18 9 6 4
is_linear=0
shrinkage=0.05


Tree=16
num_leaves=8
num_cat=0
split_feature=7 13 7 8 8 8 7
split_gain=2.22573 1.37652 1.21211 1.67739 1.22181 1.03585 0.645254
threshold=222.50000000000003 -106828258.13822503 96.500000000000014 166.50000000000003 660.00000000000011 660.00000000000011 303.50000000000006
decision_type=2 2 2 2 2 2 2
left_child=1 -1 3 -3 -4 -5 -2
right_child=6 2 4 5 -6 -7 -8
leaf_value=0.062246009374399371 0.071032239371404238 -0.077581868230927234 -0.069811859349343017 0.076860058952042842 0.061621160148632372 -0.059718725235137583 -0.0081120329318951131
leaf_weight=0.34771758317947377 0.81091807782649972 0.41953170299530052 2.3241382390260701 0.58806981146335602 0.18225072324275959 0.17096057534217834 0.37016008794307709
leaf_count=2 4 2 12 3 1 1 2
internal_value=0 -0.0313932 -0.0404081 0.00138385 -0.0599981 0.0456006 0.0463427
internal_weight=0 4.03267 3.68495 1.17856 2.50639 0.75903 1.18108
internal_count=27 21 19 6 13 4 6
is_linear=0
shrinkage=0.05


Tree=17
num_leaves=8
num_cat=0
split_feature=7 9 11 4 14 7 3
split_gain=2.06632 1.39326 1.23572 1.12154 1.67335 0.919432 0.995093
threshold=222.50000000000003 3647.0000000000005 150.00000000000003 -25255.883065286245 -45352740.162715852 96.500000000000014 14487.434496763213
decision_type=2 2 2 2 2 2 2
left_child=1 3 -2 -1 -5 6 -3
right_child=2 5 -4 4 -6 -7 -8
leaf_value=-0.083554108883341582 -0.06518432179933778 0.060427769569212211 0.068559978253079509 -0.060642084013256048 0.07290661522628604 -0.069448535680468312 -0.06089793317102811
leaf_weight=0.24504189193248738 0.20027694106101968 0.32335548102855716 0.95745792984962463 0.32637581229209889 0.76136243343353305 1.9256439059972761 0.32991774380207062
leaf_count=1 1 2 5 2 4 10 2
internal_value=0 -0.0307678 0.0449683 0.0106561 0.0325738 -0.0521487 -0.000758202
internal_weight=0 3.9117 1.15773 1.33278 1.08774 2.57892 0.653273
internal_count=27 21 6 7 6 14 4
is_linear=0
shrinkage=0.05


Tree=18
num_leaves=8
num_cat=0
split_feature=7 0 2 0 11 3 3
split_gain=1.92815 1.54603 1.64659 1.64532 1.15579 0.883691 0.00654205
threshold=222.50000000000003 0.43750000000000028 1.0000000180025095e-35 0.72916666666666685 150.00000000000003 23575.991601307604 14487.434496763213
decision_type=2 2 2 2 2 2 2
left_child=1 -1 3 -3 -2 6 -5
right_child=4 2 -4 5 -6 -7 -8
leaf_value=-0.072002186696310921 -0.063928347144337469 -0.063998242418822904 0.061620639674343218 0.057328951683326204 0.067306152008327319 -0.057866594291357536 0.08737834435113262
leaf_weight=1.3873256742954256 0.19437475502490975 1.1941237747669222 0.64773431420326222 0.15513737499713887 0.92750160396099091 0.15885047614574432 0.24790218472480774
leaf_count=7 1 7 4 1 5 1 1
internal_value=0 -0.0302016 -0.00582845 -0.030975 0.0441077 0.0389902 0.0778339
internal_weight=0 3.79107 2.40375 1.75601 1.12188 0.56189 0.40304
internal_count=27 21 14 10 6 3 2
is_linear=0
shrinkage=0.05


Tree=19
num_leaves=8
num_cat=0
split_feature=7 0 1 0 11 3 12
split_gain=1.79981 1.43747 1.54323 1.54289 1.08232 0.820639 0.00259586
threshold=222.50000000000003 0.43750000000000028 1.0000000180025095e-35 0.72916666666666685 150.00000000000003 23575.991601307604 3099.5000000000005
decision_type=2 2 2 2 2 2 2
left_child=1 6 -3 -4 -2 -5 -1
right_child=4 2 3 5 -6 -7 -8
leaf_value=-0.075055226142518458 -0.062761070010179207 0.060827449710361414 -0.063089778074887845 0.075619671761930352 0.066148625523909252 -0.057069489704225422 -0.059985166547963112
leaf_weight=0.88881355524063133 0.18845261633396126 0.62411884963512454 1.1519849747419355 0.39514116942882527 0.8975055068731308 0.15331532061100006 0.45822383463382721
leaf_count=4 1 4 7 2 5 1 3
internal_value=0 -0.0296463 -0.00571307 -0.030409 0.0433105 0.0380264 -0.070514
internal_weight=0 3.6716 2.32456 1.70044 1.08596 0.548456 1.34704
internal_count=27 21 14 10 6 3 7
is_linear=0
shrinkage=0.05


Tree=20
num_leaves=7
num_cat=0
split_feature=1 3 9 8 3 9
split_gain=1.95463 2.4115 0.72251 0.819868 0.818748 0.0501912
threshold=1.0000000180025095e-35 -1.0000000180025095e-35 17195.000000000004 541.50000000000011 14487.434496763213 14723.500000000002
decision_type=2 2 2 2 2 2
left_child=1 -1 3 5 -5 -2
right_child=2 -3 -4 4 -6 -7
leaf_value=0.063566434660326007 -0.065097359486116321 -0.073295803346956179 0.05668414221310978 0.05790227610156462 -0.058572784158488128 -0.094095399724402951
leaf_weight=1.1218539625406263 1.5321880877017982 0.43858532607555378 0.15057416260242451 0.28511565923690785 0.29575881361961365 0.24994938075542439
leaf_count=7 9 2 1 2 2 1
internal_value=0 0.024813 -0.0462243 -0.0530447 -0.00129865 -0.0697659
internal_weight=0 1.56044 2.51359 2.36301 0.580874 1.78214
internal_count=24 9 15 14 4 10
is_linear=0
shrinkage=0.05


end of trees

feature_importances:
TV_daytime=19
day_cos=17
age=15
AirConditioner_daytime=12
ClothesWasher_midnight=11
edu_0=10
Microwave_daytime=10
ClothesWasher_daytime=9
day_sin_*_Microwave_daytime=8
RiceCooker_midnight=7
day_sin=5
AirConditioner_midnight=5
edu_1=4
IH_daytime=4
day_sin_*_AirConditioner_daytime=4

parameters:
[boosting: gbdt]
[objective: binary]
[metric: roc_auc]
[tree_learner: serial]
[device_type: cpu]
[data_sample_strategy: bagging]
[data: ]
[valid: ]
[num_iterations: 10000]
[learning_rate: 0.05]
[num_leaves: 8]
[num_threads: 0]
[seed: 0]
[deterministic: 0]
[force_col_wise: 0]
[force_row_wise: 0]
[histogram_pool_size: -1]
[max_depth: -1]
[min_data_in_leaf: 1]
[min_sum_hessian_in_leaf: 0.001]
[bagging_fraction: 0.646687]
[pos_bagging_fraction: 1]
[neg_bagging_fraction: 1]
[bagging_freq: 5]
[bagging_seed: 3]
[feature_fraction: 0.633036]
[feature_fraction_bynode: 1]
[feature_fraction_seed: 2]
[extra_trees: 0]
[extra_seed: 6]
[early_stopping_round: 0]
[early_stopping_min_delta: 0]
[first_metric_only: 0]
[max_delta_step: 0]
[lambda_l1: 0.00106127]
[lambda_l2: 0.0113936]
[linear_lambda: 0]
[min_gain_to_split: 0]
[drop_rate: 0.1]
[max_drop: 50]
[skip_drop: 0.5]
[xgboost_dart_mode: 0]
[uniform_drop: 0]
[drop_seed: 4]
[top_rate: 0.2]
[other_rate: 0.1]
[min_data_per_group: 100]
[max_cat_threshold: 32]
[cat_l2: 10]
[cat_smooth: 10]
[max_cat_to_onehot: 4]
[top_k: 20]
[monotone_constraints: ]
[monotone_constraints_method: basic]
[monotone_penalty: 0]
[feature_contri: ]
[forcedsplits_filename: ]
[refit_decay_rate: 0.9]
[cegb_tradeoff: 1]
[cegb_penalty_split: 0]
[cegb_penalty_feature_lazy: ]
[cegb_penalty_feature_coupled: ]
[path_smooth: 0]
[interaction_constraints: ]
[verbosity: -1]
[saved_feature_importance_type: 0]
[use_quantized_grad: 0]
[num_grad_quant_bins: 4]
[quant_train_renew_leaf: 0]
[stochastic_rounding: 1]
[linear_tree: 0]
[max_bin: 255]
[max_bin_by_feature: ]
[min_data_in_bin: 3]
[bin_construct_sample_cnt: 200000]
[data_random_seed: 1]
[is_enable_sparse: 1]
[enable_bundle: 1]
[use_missing: 1]
[zero_as_missing: 0]
[feature_pre_filter: 1]
[pre_partition: 0]
[two_round: 0]
[header: 0]
[label_column: ]
[weight_column: ]
[group_column: ]
[ignore_column: ]
[categorical_feature: ]
[forcedbins_filename: ]
[precise_float_parser: 0]
[parser_config_file: ]
[objective_seed: 5]
[num_class: 1]
[is_unbalance: 0]
[scale_pos_weight: 1]
[sigmoid: 1]
[boost_from_average: 1]
[reg_sqrt: 0]
[alpha: 0.9]
[fair_c: 1]
[poisson_max_delta_step: 0.7]
[tweedie_variance_power: 1.5]
[lambdarank_truncation_level: 30]
[lambdarank_norm: 1]
[label_gain: ]
[lambdarank_position_bias_regularization: 0]
[eval_at: ]
[multi_error_top_k: 1]
[auc_mu_weights: ]
[num_machines: 1]
[local_listen_port: 12400]
[time_out: 120]
[machine_list_filename: ]
[machines: ]
[gpu_platform_id: -1]
[gpu_device_id: -1]
[gpu_use_dp: 0]
[num_gpu: 1]

end of parameters

pandas_categorical:null
