tree
version=v4
num_class=1
num_tree_per_iteration=1
label_index=0
max_feature_idx=14
objective=binary sigmoid:1
feature_names=age edu_0 edu_1 day_cos day_sin AirConditioner_daytime AirConditioner_midnight ClothesWasher_daytime ClothesWasher_midnight Microwave_daytime RiceCooker_midnight TV_daytime IH_daytime day_sin_*_AirConditioner_daytime day_sin_*_Microwave_daytime
feature_infos=[0.083333333333333481:0.95833333333333348] [0:1] [0:1] [-28280.49728486091:28158.01138283452] [-28064.695586917209:23095.52399800481] [0:21892] [0:7908] [0:727] [0:2504] [0:17056] [56:8267] [0:6830] [0:9965] [-359636401.63573724:158895361.26672453] [-422550862.85317016:312697579.85578203]
tree_sizes=683 855 844 835 1027 1254 1164 1061 1056 1167 1066 946 1169 856 1054

Tree=0
num_leaves=6
num_cat=0
split_feature=5 7 3 12 9
split_gain=13.0484 8.80775 3.3543 8.85655 1.74625
threshold=1.0000000180025095e-35 73.500000000000014 8446.8962137072176 785.50000000000011 12629.000000000002
decision_type=2 2 2 2 2
left_child=-1 -2 3 -3 -4
right_child=1 2 4 -5 -6
leaf_value=0.099822563172376644 0.099601630447989267 -0.099681056069434809 -0.09988586279717615 0.099601630447989267 0
leaf_weight=2.25 0.99999999999999989 1.2500000000000002 3.5 0.99999999999999989 0.49999999999999989
leaf_count=9 4 5 14 4 2
internal_value=0 -0.0379093 -0.059961 -0.0110878 -0.0874123
internal_weight=0 7.25 6.25 2.25 4
internal_count=38 29 25 9 16
is_linear=0
shrinkage=0.05


Tree=1
num_leaves=7
num_cat=0
split_feature=7 3 12 13 13 11
split_gain=8.20304 6.01059 5.00497 6.19021 5.64693 0.922389
threshold=125.00000000000001 15094.410582266448 1048.5000000000002 -4722826.3405495919 79961703.088233545 1.0000000180025095e-35
decision_type=2 2 2 2 2 2
left_child=1 -1 5 -4 -5 -2
right_child=2 -3 3 4 -6 -7
leaf_value=0.095102203898353471 -0.031570772304077101 -0.094488370586534448 -0.096052282206276915 0.09571478700076938 -0.094488370586534448 -0.095098979806041289
leaf_weight=2.4937961995601658 0.7481331676244739 0.49875491857528675 0.99813237786293063 1.7462777197360995 0.49875491857528675 2.4937873333692551
leaf_count=10 3 2 4 7 2 10
internal_value=0 0.0634189 -0.0366027 0.00731622 0.0533646 -0.0804972
internal_weight=0 2.99255 6.48509 3.24317 2.24503 3.24192
internal_count=38 12 26 13 9 13
is_linear=0
shrinkage=0.05


Tree=2
num_leaves=7
num_cat=0
split_feature=5 3 9 11 2 14
split_gain=10.8845 7.25069 4.84394 1.96618 3.26509 1.54473
threshold=1.0000000180025095e-35 8446.8962137072176 603.50000000000011 1535.5000000000002 1.0000000180025095e-35 -286612988.74920505
decision_type=2 2 2 2 2 2
left_child=-1 2 -2 -4 -5 -3
right_child=1 5 3 4 -6 -7
leaf_value=0.091593860163305271 -0.090661592288126133 0.0024687618755389429 0.090896101173865984 -0.090418911082639719 0.090422026154542534 -0.091732467059815581
leaf_weight=2.230786606669426 0.74293112754821811 0.49704407155513797 1.4858289957046511 0.4952874183654784 0.4952910840511322 3.471309632062912
leaf_count=9 3 2 6 2 2 14
internal_value=0 -0.0347406 0.0210019 0.0545951 0 -0.0799404
internal_weight=0 7.18769 3.21934 2.47641 0.990579 3.96835
internal_count=38 29 13 10 4 16
is_linear=0
shrinkage=0.05


Tree=3
num_leaves=7
num_cat=0
split_feature=3 10 11 0 11 14
split_gain=6.43059 5.65563 4.35817 4.11484 2.22173 1.38197
threshold=8446.8962137072176 267.00000000000006 1.0000000180025095e-35 0.4791666666666668 1535.5000000000002 -286612988.74920505
decision_type=2 2 2 2 2 2
left_child=1 -1 3 -2 -3 -4
right_child=2 4 5 -5 -6 -7
leaf_value=-0.087111510216465737 0.087175104112681881 0.087890231433104579 0.0023461426994317337 -0.089273200114111814 0 -0.08774700339680222
leaf_weight=0.73493659496307362 0.97971159219741799 2.6979022622108464 0.49707359075546298 0.49382466077804565 0.97993455827236164 2.9420756697654724
leaf_count=3 4 11 2 2 4 12
internal_value=0 0.0391915 -0.0439336 0.0279562 0.0644986 -0.0747349
internal_weight=0 4.41277 4.91269 1.47354 3.67784 3.43915
internal_count=38 18 20 6 15 14
is_linear=0
shrinkage=0.05


Tree=4
num_leaves=9
num_cat=0
split_feature=7 2 8 11 14 8 0 14
split_gain=6.24342 4.82448 4.30299 6.50483 2.27968 2.72802 0.969406 0.0534925
threshold=348.00000000000006 1.0000000180025095e-35 75.500000000000014 343.50000000000006 1.0000000180025095e-35 318.00000000000006 0.66666666666666685 -18811390.445264567
decision_type=2 2 2 2 2 2 2 2
left_child=1 2 -1 -4 7 -6 -5 -3
right_child=-2 4 3 6 5 -7 -8 -9
leaf_value=-0.084556345331237376 -0.08549926064040414 0.085115472351726076 0.085784818542158442 -0.086533499206910433 0.083693810587221654 -0.083697121280284614 0 0.10309456518681684
leaf_weight=1.4514738321304301 1.6988529562950141 1.69721631705761 1.6981147676706316 0.97671192884445168 0.48289233446121205 0.48290097713470459 0.48294445872306824 0.74135632812976848
leaf_count=6 7 7 7 4 2 2 2 3
internal_value=0 0.0199209 -0.0134195 0.0193399 0.0650275 0 -0.0579763 0.0907413
internal_weight=0 8.01361 4.60924 3.15777 3.40437 0.965793 1.45966 2.43857
internal_count=40 33 19 13 14 4 6 10
is_linear=0
shrinkage=0.05


Tree=5
num_leaves=11
num_cat=0
split_feature=1 13 0 8 13 12 12 10 13 10
split_gain=4.77898 3.67146 2.83729 3.98319 2.87415 1.18173 0.710503 0.624237 0.562168 0.0643408
threshold=1.0000000180025095e-35 1.0000000180025095e-35 0.4791666666666668 75.500000000000014 -34724819.346859381 298.00000000000006 1048.5000000000002 1743.5000000000002 -1.0000000180025095e-35 1743.5000000000002
decision_type=2 2 2 2 2 2 2 2 2 2
left_child=1 5 -2 -4 6 -1 -5 -3 -6 -7
right_child=2 7 3 4 8 9 -8 -9 -10 -11
leaf_value=0.0011500795426694216 -0.082277546055418205 0 -0.081738820720624342 -2.4761492752517109e-05 0.083352509465269856 0.0821630266744246 -0.085469232759294703 -0.080917898948928604 0.027039709146435182 0.10411917740674348
leaf_weight=0.48281966149807054 1.6699146777391431 0.47467190027236927 1.1896198987960813 0.48303885757923115 1.1968438476324077 1.9068996608257296 0.48674196004867554 0.47458857297897339 0.71160906553268488 0.49888640642166127
leaf_count=2 7 2 5 2 5 8 2 2 3 2
internal_value=0 0.0445634 -0.0274831 -0.00492957 0.0268815 0.0725757 -0.0430904 -0.0406167 0.062458 0.0868813
internal_weight=0 3.83787 5.73777 4.06785 2.87823 2.88861 0.969781 0.94926 1.90845 2.40579
internal_count=40 16 24 17 12 12 4 4 8 10
is_linear=0
shrinkage=0.05


Tree=6
num_leaves=10
num_cat=0
split_feature=5 12 5 6 6 1 5 5 1
split_gain=6.73564 2.49748 3.17791 3.30753 3.14761 1.07029 0.61544 0.416904 0.0271541
threshold=1.0000000180025095e-35 298.00000000000006 1356.0000000000002 1002.5000000000001 471.00000000000006 1.0000000180025095e-35 5712.5000000000009 400.50000000000006 1.0000000180025095e-35
decision_type=2 2 2 2 2 2 2 2 2
left_child=-1 -2 4 6 -3 -5 -4 -6 -9
right_child=1 2 3 5 7 -7 -8 8 -10
leaf_value=0.080005833055771275 -0.080835401160504056 -0.078422983194304033 0.0020229542059872004 0.0021150909313014036 0.042229434017945239 -0.081180215568738917 0.082430114210176375 0.098729271785682957 0.078382454993825512
leaf_weight=2.1091566234827042 1.4168025255203245 0.4650998413562778 0.46996204555034671 0.47035145759582553 0.94293349981307961 2.1275421977043152 0.47911360859870911 0.49998831748962402 0.46492806077003479
leaf_count=9 6 2 2 2 4 9 2 2 2
internal_value=0 -0.0213006 -0.00700681 -0.0369562 0.0377433 -0.0661155 0.0427954 0.0661698 0.0892907
internal_weight=0 7.33672 5.91992 3.54697 2.37295 2.59789 0.949076 1.90785 0.964916
internal_count=40 31 25 15 10 11 4 8 4
is_linear=0
shrinkage=0.05


Tree=7
num_leaves=9
num_cat=0
split_feature=3 10 11 12 11 2 12 10
split_gain=6.14622 4.4914 3.12568 3.01302 1.89985 2.42004 1.14636 0.0294555
threshold=8446.8962137072176 267.00000000000006 1.0000000180025095e-35 2211.5000000000005 1535.5000000000002 1.0000000180025095e-35 4960.0000000000009 1743.5000000000002
decision_type=2 2 2 2 2 2 2 2
left_child=1 -1 3 -2 7 -6 -4 -3
right_child=2 4 6 -5 5 -7 -8 -9
leaf_value=-0.076443911786887239 -0.07912403487010522 0.078602456108567684 -0.07851691386528159 0.076523800880414064 -0.079864127959434705 0.07984225461560096 0.0052870637399811621 0.094107781879651395
leaf_weight=0.68228738009929646 0.46767242252826668 2.5441274046897897 2.7746109813451771 0.90938621759414673 0.47052958607673634 0.47046118974685669 0.4775208681821822 0.49853429198265065
leaf_count=3 2 11 12 4 2 2 2 2
internal_value=0 0.0417774 -0.0395051 0.0235822 0.0620828 -7.05818e-06 -0.0662173 0.0812634
internal_weight=0 4.66594 4.62919 1.37706 3.98365 0.940991 3.25213 3.04266
internal_count=40 20 20 6 17 4 14 13
is_linear=0
shrinkage=0.05


Tree=8
num_leaves=9
num_cat=0
split_feature=3 10 11 0 11 2 9 6
split_gain=5.67007 4.14721 2.87783 2.78817 1.75091 2.23391 1.07764 0.0207797
threshold=8446.8962137072176 267.00000000000006 1.0000000180025095e-35 0.4791666666666668 1535.5000000000002 1.0000000180025095e-35 12629.000000000002 2081.5000000000005
decision_type=2 2 2 2 2 2 2 2
left_child=1 -1 3 -2 7 -6 -4 -3
right_child=2 4 6 -5 5 -7 -8 -9
leaf_value=-0.074465073379725619 0.07454520355536165 0.076436346080183085 -0.076358652285059558 -0.076862850946585973 -0.077526642516447128 0.077506965481796128 0.0050236267791374349 0.090104400014753741
leaf_weight=0.66591569781303395 0.8875046372413633 2.4869688302278528 2.7120741009712224 0.45772519707679749 0.46084278821945179 0.46076673269271851 0.47763551771640766 0.49490907788276661
leaf_count=3 4 11 12 2 2 2 2 2
internal_value=0 0.0405495 -0.038334 0.0229472 0.0602276 -6.343e-06 -0.0641781 0.0788229
internal_weight=0 4.5694 4.53494 1.34523 3.90349 0.92161 3.18971 2.98188
internal_count=40 20 20 6 17 4 14 13
is_linear=0
shrinkage=0.05


Tree=9
num_leaves=10
num_cat=0
split_feature=5 0 13 1 13 0 9 14 5
split_gain=5.32006 2.0313 2.45509 2.11442 1.71197 2.31436 2.50701 0.878993 0.000902214
threshold=1.0000000180025095e-35 0.4791666666666668 -459985.70572918729 1.0000000180025095e-35 -148017773.79209968 0.77083333333333359 3275.0000000000005 53372276.103566751 10969.500000000002
decision_type=2 2 2 2 2 2 2 2 2
left_child=-1 7 3 8 -5 -6 -7 -2 -3
right_child=1 2 -4 4 5 6 -8 -9 -10
leaf_value=0.073739723626309581 -0.07464111877600052 0.086605727012856279 -0.075208551658128731 -0.074663334707556414 0.077646515160324781 0.072335025578730103 -0.074211336650470458 0.0040176128120321293 0.075408924528238025
leaf_weight=1.9658736139535902 1.7672810405492785 0.48944875597953785 0.89500802755355868 0.66641299426555667 0.90893870592117321 0.43167728185653687 0.88136926293373108 0.44349253177642811 0.4502808004617691
leaf_count=9 8 2 4 3 4 2 4 2 2
internal_value=0 -0.0193685 -0.000839644 0.0166042 -0.00461549 0.0164832 -0.0259541 -0.0588784 0.0815849
internal_weight=0 6.93391 4.72314 3.82813 2.8884 2.22199 1.31305 2.21077 0.93973
internal_count=40 31 21 17 13 10 6 10 4
is_linear=0
shrinkage=0.05


Tree=10
num_leaves=9
num_cat=0
split_feature=3 11 13 8 11 9 4 9
split_gain=4.90257 2.46618 2.40104 2.24322 2.09716 0.956218 0.449987 0.00614308
threshold=8446.8962137072176 1.0000000180025095e-35 -1.0000000180025095e-35 75.500000000000014 1535.5000000000002 12629.000000000002 -8961.6058163750913 603.50000000000011
decision_type=2 2 2 2 2 2 2 2
left_child=3 2 -2 6 7 -3 -1 -5
right_child=1 5 -4 4 -6 -7 -8 -9
leaf_value=0.0019054709087617386 -0.072992159681102342 -0.072794822238101131 0.071112846062364288 0.081091637603553285 -0.023833252249521326 0.0046972855528678338 -0.070781332565211241 0.072593555084370195
leaf_weight=0.42667387425899506 0.43578681349754333 2.5820918381214146 0.8404046297073362 0.70702858269214708 0.66202808916568745 0.46972376108169545 0.42025613784790028 2.1427369862794876
leaf_count=2 2 12 4 3 3 2 2 10
internal_value=0 -0.0364888 0.0218249 0.0386028 0.0562085 -0.0608738 -0.0343112 0.0748133
internal_weight=0 4.32801 1.27619 4.35872 3.51179 3.05182 0.84693 2.84977
internal_count=40 20 6 20 16 14 4 13
is_linear=0
shrinkage=0.05


Tree=11
num_leaves=8
num_cat=0
split_feature=5 7 7 11 8 0 11
split_gain=4.58293 3.18214 1.49692 1.88527 3.53534 3.1481 0.00025449
threshold=1.0000000180025095e-35 73.500000000000014 325.50000000000006 1535.5000000000002 75.500000000000014 0.43750000000000028 27.500000000000004
decision_type=2 2 2 2 2 2 2
left_child=-1 -2 3 4 -3 -6 -7
right_child=1 2 -4 -5 5 6 -8
leaf_value=0.070478162255640672 0.071941866863758905 -0.070245824683331168 -0.071301805450174477 -0.072242854734026626 -0.074162743903477851 0.06983383888526061 0.078858956342669762
leaf_weight=1.8579769581556318 0.84809161722660054 1.0310011208057406 1.677793428301811 1.0691798925399778 0.44026622176170382 0.41260072588920582 1.1538318097591398
leaf_count=9 4 5 8 5 2 2 5
internal_value=0 -0.018291 -0.0315613 -0.0152714 0.00484486 0.043491 0.0766673
internal_weight=0 6.63276 5.78467 4.10688 3.0377 2.0067 1.56643
internal_count=40 31 27 19 14 9 7
is_linear=0
shrinkage=0.05


Tree=12
num_leaves=10
num_cat=0
split_feature=4 1 9 10 4 14 0 9 1
split_gain=3.03364 3.35473 2.34789 2.30248 2.16787 0.757785 0.256972 0.516607 0.00312357
threshold=-27778.859064038013 1.0000000180025095e-35 7684.0000000000009 574.00000000000011 17865.438813202523 -286612988.74920505 0.66666666666666685 5844.0000000000009 1.0000000180025095e-35
decision_type=2 2 2 2 2 2 2 2 2
left_child=8 2 3 -2 5 -3 -7 -8 -1
right_child=1 4 -4 -5 -6 6 7 -9 -10
leaf_value=0.078483173462808087 0.071993981215710254 0.0082608840364334895 0.069530308727414031 -0.070241806149607539 0.068860712208883054 -0.070379926409860363 0.0037253897122557014 -0.068951516806288971 0.068483107080589328
leaf_weight=0.46535390615463235 0.42919662594795249 0.44850941002368916 1.6149017810821531 0.82605025172233582 0.40415182709693898 2.2570185661315927 0.40800890326499917 0.60401789844036102 0.79483804106712341
leaf_count=2 2 2 8 4 2 11 2 3 4
internal_value=0 -0.0117504 0.0297278 -0.0215285 -0.0406368 -0.052603 -0.0609562 -0.0397404 0.0724143
internal_weight=0 6.99186 2.87015 1.25525 4.12171 3.71755 3.26905 1.01203 1.26019
internal_count=40 34 14 6 20 18 16 5 6
is_linear=0
shrinkage=0.05


Tree=13
num_leaves=7
num_cat=0
split_feature=5 3 10 13 1 5
split_gain=3.97643 4.42105 2.49618 1.08683 1.65204 0.623823
threshold=1.0000000180025095e-35 8446.8962137072176 267.00000000000006 -148017773.79209968 1.0000000180025095e-35 40.500000000000007
decision_type=2 2 2 2 2 2
left_child=-1 2 -2 4 -4 -3
right_child=1 5 3 -5 -6 -7
leaf_value=0.067778805682379081 -0.067345147866531369 -0.01373557148067722 0.070574002573716987 0.071009905773397788 -0.069828831193026311 -0.069079728940597496
leaf_weight=1.7457755655050275 0.58068421483039889 0.63667756319046054 0.41805571317672785 1.6457603871822353 0.41221402585506439 2.5928053855895996
leaf_count=9 3 3 2 8 2 13
internal_value=0 -0.0174389 0.025644 0.0475275 0.000854955 -0.0582015
internal_weight=0 6.2862 3.05671 2.47603 0.83027 3.22948
internal_count=40 31 15 12 4 16
is_linear=0
shrinkage=0.05


Tree=14
num_leaves=9
num_cat=0
split_feature=7 2 4 6 7 14 12 12
split_gain=3.0881 2.28367 2.17103 1.99877 1.43717 1.03609 1.40629 0.279197
threshold=348.00000000000006 1.0000000180025095e-35 -27778.859064038013 1085.0000000000002 218.50000000000003 1.0000000180025095e-35 2211.5000000000005 785.50000000000011
decision_type=2 2 2 2 2 2 2 2
left_child=1 2 -1 4 7 -3 -7 -4
right_child=-2 5 3 -5 -6 6 -8 -9
leaf_value=0.066020317805121728 -0.067610359044253943 0.069127362847567361 0.022088208146581037 -0.068158368073271178 -0.067232333444667988 -0.066744212105828302 0.067507183905016782 0.075227620577562618
leaf_weight=0.7433628737926482 1.3487292975187299 1.976406514644623 0.56935156881809301 1.5615169554948805 0.38845370709896077 0.38353767991065968 0.38894037902355194 0.44046474993228912
leaf_count=4 7 10 3 8 2 2 2 2
internal_value=0 0.0154762 -0.0101513 -0.029347 0.0140581 0.049969 0.000838709 0.0454764
internal_weight=0 6.45203 3.70315 2.95979 1.39827 2.74888 0.772478 1.00982
internal_count=40 33 19 15 7 14 4 5
is_linear=0
shrinkage=0.05


end of trees

feature_importances:
TV_daytime=13
AirConditioner_daytime=11
IH_daytime=9
day_sin_*_AirConditioner_daytime=9
age=8
day_cos=8
Microwave_daytime=8
RiceCooker_midnight=8
edu_0=7
ClothesWasher_daytime=7
day_sin_*_Microwave_daytime=7
edu_1=5
ClothesWasher_midnight=5
day_sin=4
AirConditioner_midnight=4

parameters:
[boosting: gbdt]
[objective: binary]
[metric: roc_auc]
[tree_learner: serial]
[device_type: cpu]
[data_sample_strategy: bagging]
[data: ]
[valid: ]
[num_iterations: 10000]
[learning_rate: 0.05]
[num_leaves: 24]
[num_threads: 0]
[seed: 0]
[deterministic: 0]
[force_col_wise: 0]
[force_row_wise: 0]
[histogram_pool_size: -1]
[max_depth: -1]
[min_data_in_leaf: 2]
[min_sum_hessian_in_leaf: 0.001]
[bagging_fraction: 0.910668]
[pos_bagging_fraction: 1]
[neg_bagging_fraction: 1]
[bagging_freq: 4]
[bagging_seed: 3]
[feature_fraction: 0.480289]
[feature_fraction_bynode: 1]
[feature_fraction_seed: 2]
[extra_trees: 0]
[extra_seed: 6]
[early_stopping_round: 0]
[early_stopping_min_delta: 0]
[first_metric_only: 0]
[max_delta_step: 0]
[lambda_l1: 0.000183384]
[lambda_l2: 0.00390757]
[linear_lambda: 0]
[min_gain_to_split: 0]
[drop_rate: 0.1]
[max_drop: 50]
[skip_drop: 0.5]
[xgboost_dart_mode: 0]
[uniform_drop: 0]
[drop_seed: 4]
[top_rate: 0.2]
[other_rate: 0.1]
[min_data_per_group: 100]
[max_cat_threshold: 32]
[cat_l2: 10]
[cat_smooth: 10]
[max_cat_to_onehot: 4]
[top_k: 20]
[monotone_constraints: ]
[monotone_constraints_method: basic]
[monotone_penalty: 0]
[feature_contri: ]
[forcedsplits_filename: ]
[refit_decay_rate: 0.9]
[cegb_tradeoff: 1]
[cegb_penalty_split: 0]
[cegb_penalty_feature_lazy: ]
[cegb_penalty_feature_coupled: ]
[path_smooth: 0]
[interaction_constraints: ]
[verbosity: -1]
[saved_feature_importance_type: 0]
[use_quantized_grad: 0]
[num_grad_quant_bins: 4]
[quant_train_renew_leaf: 0]
[stochastic_rounding: 1]
[linear_tree: 0]
[max_bin: 255]
[max_bin_by_feature: ]
[min_data_in_bin: 3]
[bin_construct_sample_cnt: 200000]
[data_random_seed: 1]
[is_enable_sparse: 1]
[enable_bundle: 1]
[use_missing: 1]
[zero_as_missing: 0]
[feature_pre_filter: 1]
[pre_partition: 0]
[two_round: 0]
[header: 0]
[label_column: ]
[weight_column: ]
[group_column: ]
[ignore_column: ]
[categorical_feature: ]
[forcedbins_filename: ]
[precise_float_parser: 0]
[parser_config_file: ]
[objective_seed: 5]
[num_class: 1]
[is_unbalance: 0]
[scale_pos_weight: 1]
[sigmoid: 1]
[boost_from_average: 1]
[reg_sqrt: 0]
[alpha: 0.9]
[fair_c: 1]
[poisson_max_delta_step: 0.7]
[tweedie_variance_power: 1.5]
[lambdarank_truncation_level: 30]
[lambdarank_norm: 1]
[label_gain: ]
[lambdarank_position_bias_regularization: 0]
[eval_at: ]
[multi_error_top_k: 1]
[auc_mu_weights: ]
[num_machines: 1]
[local_listen_port: 12400]
[time_out: 120]
[machine_list_filename: ]
[machines: ]
[gpu_platform_id: -1]
[gpu_device_id: -1]
[gpu_use_dp: 0]
[num_gpu: 1]

end of parameters

pandas_categorical:null
