tree
version=v4
num_class=1
num_tree_per_iteration=1
label_index=0
max_feature_idx=14
objective=binary sigmoid:1
feature_names=age edu_0 edu_1 day_cos day_sin AirConditioner_daytime AirConditioner_midnight ClothesWasher_daytime ClothesWasher_midnight Microwave_daytime RiceCooker_midnight TV_daytime IH_daytime day_sin_*_AirConditioner_daytime day_sin_*_Microwave_daytime
feature_infos=[0.083333333333333481:0.95833333333333348] [0:1] [0:1] [-28284.687966603502:28258.499601179032] [-28271.854657421831:28190.186045248498] [0:19456] [47:4151] [2:694] [0:5592] [132:15198] [168:4499] [0:4056] [0:5493] [-140074210.22780502:294812965.66120881] [-411741884.47663027:406484169.3655178]
tree_sizes=780 926 919 752 829 957 948 855 856 1155 859 956 961

Tree=0
num_leaves=7
num_cat=0
split_feature=5 12 3 8 5 12
split_gain=11.8996 8.58961 3.52261 4.80302 4.49431 1.66579
threshold=3056.5000000000005 3345.5000000000005 1.0000000180025095e-35 227.00000000000003 1.0000000180025095e-35 1.0000000180025095e-35
decision_type=2 2 2 2 2 2
left_child=1 2 -1 4 -4 -2
right_child=5 -3 3 -5 -6 -7
leaf_value=0.099975525202368437 0 -0.099932702753471978 0.049942563577791144 0.099946160079153579 -0.099932702753471978 -0.09997307791570148
leaf_weight=2.75 0.50000000000000033 0.99999999999999989 1.0000000000000007 1.2499999999999998 0.99999999999999989 2.5
leaf_count=11 2 4 4 5 4 10
internal_value=0 0.0357065 0.0583235 0.0230609 -0.0249737 -0.083312
internal_weight=0 7 6 3.25 2 3
internal_count=40 28 24 13 8 12
is_linear=0
shrinkage=0.05


Tree=1
num_leaves=8
num_cat=0
split_feature=7 11 7 0 3 1 7
split_gain=16.6325 7.16922 2.37573 3.61077 1.50624 0.545007 1.08395
threshold=231.00000000000003 1696.0000000000002 219.50000000000003 0.72916666666666685 1.0000000180025095e-35 1.0000000180025095e-35 66.000000000000014
decision_type=2 2 2 2 2 2 2
left_child=1 2 5 -4 -2 -1 -7
right_child=4 -3 3 -5 -6 6 -8
leaf_value=0.096125919655532951 -0.002404189788518619 -0.09515439731888492 -0.095110067759979752 0.095109953688665594 -0.095787425582100252 0.09515428323783276 0
leaf_weight=3.2439214736223221 0.49937634170055423 0.74812911450862873 0.49875274300575245 0.49875268340110779 3.2423641830682755 0.74812902510166146 0.49875321984291077
leaf_count=13 2 3 2 2 13 3 2
internal_value=0 0.0500018 0.0697999 0 -0.0833379 0.0853033 0.0570981
internal_weight=0 6.23644 5.48831 0.997505 3.74174 4.4908 1.24688
internal_count=40 25 22 4 15 18 5
is_linear=0
shrinkage=0.05


Tree=2
num_leaves=8
num_cat=0
split_feature=5 9 11 10 9 3 5
split_gain=9.87419 6.70609 2.3941 5.75514 1.12034 0.897815 0.458221
threshold=3056.5000000000005 9269.0000000000018 75.500000000000014 468.50000000000006 12594.000000000002 27247.436635222592 204.50000000000003
decision_type=2 2 2 2 2 2 2
left_child=1 2 3 -1 -3 -2 -5
right_child=5 4 -4 6 -6 -7 -8
leaf_value=-0.09325273140509488 -0.092078504210535178 -0.09208453871968586 0.091470444213962943 0.093676485637215742 0 -0.028561875368114206 0.045486928470977468
leaf_weight=0.74511080980300937 2.2310387641191487 0.99224005639553048 2.7256155461072922 0.9954196363687513 0.49523289501667023 0.7446635216474532 0.99045871198177338
leaf_count=3 9 4 11 4 2 3 4
internal_value=0 0.0326548 0.0583134 0.0252 -0.0614335 -0.0762025 0.0696728
internal_weight=0 6.94408 5.4566 2.73099 1.48747 2.9757 1.98588
internal_count=40 28 22 11 6 12 8
is_linear=0
shrinkage=0.05


Tree=3
num_leaves=6
num_cat=0
split_feature=11 3 10 10 3
split_gain=7.89886 5.58883 9.73963 5.22735 1.11864
threshold=1231.5000000000002 1.0000000180025095e-35 468.50000000000006 941.50000000000011 -23424.740316004634
decision_type=2 2 2 2 2
left_child=1 -1 -3 -4 -2
right_child=4 2 3 -5 -6
leaf_value=0.088618193633607303 -0.0047119982081823067 -0.089146433885825146 0.089714967262666673 -0.090148030629990855 -0.088022704661701645
leaf_weight=2.4575143754482269 0.49437862634658847 1.968556761741638 2.2180106937885289 0.49348711967468251 2.2080783993005753
leaf_count=10 2 8 9 2 9
internal_value=0 0.0275639 -0.00448814 0.0569585 -0.0728012
internal_weight=0 7.13757 4.68005 2.7115 2.70246
internal_count=40 29 19 11 11
is_linear=0
shrinkage=0.05


Tree=4
num_leaves=7
num_cat=0
split_feature=7 11 8 9 8 9
split_gain=13.0602 5.49694 4.57061 1.29776 1.226 0.000484157
threshold=231.00000000000003 1696.0000000000002 3225.5000000000005 9269.0000000000018 91.000000000000014 3425.5000000000005
decision_type=2 2 2 2 2 2
left_child=1 2 3 5 -2 -1
right_child=4 -3 -4 -5 -6 -7
leaf_value=0.090105213781967786 -0.0011934779816586657 -0.084267943325682382 -0.084186558581224827 0 -0.086148103600124259 0.085135858051743257
leaf_weight=0.49355903267860401 0.49194000661373172 0.7242080122232436 0.48270857334136952 0.49012465775012959 3.1594558507204056 3.8772840797901154
leaf_count=2 2 3 2 2 13 16
internal_value=0 0.0449587 0.0624837 0.0770611 -0.0747162 0.0857119
internal_weight=0 6.06788 5.34368 4.86097 3.6514 4.37084
internal_count=40 25 22 20 15 18
is_linear=0
shrinkage=0.05


Tree=5
num_leaves=8
num_cat=0
split_feature=1 12 12 8 8 8 13
split_gain=6.84893 6.09317 4.37418 1.906 2.63749 0.634031 0.583086
threshold=1.0000000180025095e-35 566.50000000000011 566.50000000000011 91.000000000000014 60.000000000000007 3225.5000000000005 -1.0000000180025095e-35
decision_type=2 2 2 2 2 2 2
left_child=2 6 5 4 -3 -1 -2
right_child=1 3 -4 -5 -6 -7 -8
leaf_value=-0.00035200269431467506 0.0220818754648585 -0.084579709835178707 0.082755396403288897 -0.082324128813052747 0.0814188418773064 -0.081414414725373085 0.085592092929975605
leaf_weight=0.49295230209827456 0.72228756546974182 0.48237833380699147 2.8677463531494141 3.336762323975563 0.47441759705543518 0.47440251708030701 0.72860157489776589
leaf_count=2 3 2 12 14 2 2 3
internal_value=0 -0.0345465 0.0517378 -0.0644857 -0.00222146 -0.0401637 0.0540153
internal_weight=0 5.74445 3.8351 4.29356 0.956796 0.967355 1.45089
internal_count=40 24 16 18 4 4 6
is_linear=0
shrinkage=0.05


Tree=6
num_leaves=8
num_cat=0
split_feature=5 12 8 8 14 6 12
split_gain=7.00552 5.11941 1.95064 3.65023 1.19898 3.23787 0.975092
threshold=3056.5000000000005 3345.5000000000005 152.00000000000003 91.000000000000014 39152382.147487648 325.50000000000006 1.0000000180025095e-35
decision_type=2 2 2 2 2 2 2
left_child=1 2 3 4 5 -1 -2
right_child=6 -3 -4 -5 -6 -7 -8
leaf_value=0.08031705517268066 -0.0019978628647884787 -0.080013989192842361 0.0808781290920981 -0.079813235765317153 0.079980672549587448 -0.08710233500805338 -0.079392785736933369
leaf_weight=0.7054675072431571 0.49456588923931155 0.93685021996498097 2.3585972338914871 0.70202127099037159 1.404043450951576 0.48855103552341461 2.3315436393022537
leaf_count=3 2 4 10 3 6 2 10
internal_value=0 0.0282186 0.0461481 0.0213085 0.0486549 0.0117719 -0.0658667
internal_weight=0 6.59553 5.65868 3.30008 2.59806 1.19402 2.82611
internal_count=40 28 24 14 11 5 12
is_linear=0
shrinkage=0.05


Tree=7
num_leaves=7
num_cat=0
split_feature=2 3 12 11 8 3
split_gain=5.86448 6.27707 3.64796 3.263 0.581769 0.423808
threshold=1.0000000180025095e-35 1.0000000180025095e-35 566.50000000000011 1231.5000000000002 3225.5000000000005 -23424.740316004634
decision_type=2 2 2 2 2 2
left_child=1 3 4 -1 -2 -5
right_child=2 -3 -4 5 -6 -7
leaf_value=0.078662691338544949 0.0016990265706321483 -0.077848856781426987 0.077822148136276234 -0.00927671023119425 -0.076724290959965052 -0.076726665838280222
leaf_weight=1.3881694823503496 0.49011191725730929 3.2129432410001755 2.7544009238481522 0.48102043569087982 0.45469072461128235 0.45470282435417164
leaf_count=6 2 14 12 2 2 2
internal_value=0 -0.03257 0.0487378 0.0300119 -0.0360003 -0.0421133
internal_weight=0 5.53684 3.6992 2.32389 0.944803 0.935723
internal_count=40 24 16 10 4 4
is_linear=0
shrinkage=0.05


Tree=8
num_leaves=7
num_cat=0
split_feature=2 3 9 9 9 0
split_gain=5.41059 5.80762 3.37945 3.01293 0.544506 0.400012
threshold=1.0000000180025095e-35 1.0000000180025095e-35 3969.5000000000005 1336.0000000000002 958.00000000000011 0.60416666666666685
decision_type=2 2 2 2 2 2
left_child=1 3 4 5 -2 -1
right_child=2 -3 -4 -5 -6 -7
leaf_value=-0.0088061441066547043 -0.074737858670580484 -0.075764399184930165 0.07573917801873839 0.076493848462358252 0.0016140648521003047 -0.074739997708755848
leaf_weight=0.48138889670372043 0.4437198638916019 3.1381683647632599 2.690271720290184 1.3569467812776563 0.49012565612792969 0.44373267889022827
leaf_count=2 2 14 12 6 2 2
internal_value=0 -0.0316268 0.0472884 0.0290491 -0.034622 -0.0404918
internal_weight=0 5.42024 3.62412 2.28207 0.933846 0.925122
internal_count=40 24 16 10 4 4
is_linear=0
shrinkage=0.05


Tree=9
num_leaves=10
num_cat=0
split_feature=5 9 0 0 1 14 9 0 5
split_gain=5.48581 3.69904 1.27096 1.70944 0.761044 0.737448 0.563988 0.511665 0.0116684
threshold=3056.5000000000005 9269.0000000000018 0.43750000000000028 0.3541666666666668 1.0000000180025095e-35 213164297.03527611 3969.5000000000005 0.39583333333333354 4381.5000000000009
decision_type=2 2 2 2 2 2 2 2 2
left_child=1 2 3 6 -2 -3 -1 -5 -6
right_child=4 5 -4 7 8 -7 -8 -9 -10
leaf_value=0.01530132205890607 -0.014189947569966456 -0.074562232750712665 0.074225234659272207 -0.072776188341051179 -0.083417625107944926 0.0043232469153565919 0.07355913771401297 0.0029491557416186343 -0.073184360610057633
leaf_weight=0.675493344664574 0.67838525772094738 0.88242281973361947 2.1968028545379639 0.43104290962219227 0.46858583390712749 0.44425533711910248 1.0891578793525694 0.45968835055828094 1.515682056546211
leaf_count=3 3 4 10 2 2 2 5 2 7
internal_value=0 0.025849 0.0460828 0.0227788 -0.0599987 -0.0481138 0.0512897 -0.0336505 -0.075633
internal_weight=0 6.17886 4.85219 2.65538 2.66265 1.32668 1.76465 0.890731 1.98427
internal_count=40 28 22 12 12 6 8 4 9
is_linear=0
shrinkage=0.05


Tree=10
num_leaves=7
num_cat=0
split_feature=1 3 9 9 8 4
split_gain=4.58375 5.13255 3.00984 2.57142 0.505207 0.37688
threshold=1.0000000180025095e-35 1.0000000180025095e-35 3969.5000000000005 1336.0000000000002 3225.5000000000005 -7447.7537102876395
decision_type=2 2 2 2 2 2
left_child=2 3 4 5 -1 -2
right_child=1 -3 -4 -5 -6 -7
leaf_value=0.0015057655444555272 -0.071312602107616585 -0.072448364175480992 0.072330777239887969 0.073201709735013151 -0.072617466922747162 -0.0063279726590436099
leaf_weight=0.49112506210804019 0.42024067044258118 2.9882023185491562 2.5566076338291168 1.2987740933895109 0.42992961406707764 0.47923961281776462
leaf_count=2 2 14 12 6 2 2
internal_value=0 -0.0297845 0.0444068 0.0281905 -0.0330499 -0.0367509
internal_weight=0 5.18646 3.47766 2.19825 0.921055 0.89948
internal_count=40 24 16 10 4 4
is_linear=0
shrinkage=0.05


Tree=11
num_leaves=8
num_cat=0
split_feature=7 11 8 7 10 12 12
split_gain=8.2559 3.25271 2.81916 0.593675 0.566503 0.0402756 0.0186736
threshold=231.00000000000003 1696.0000000000002 3225.5000000000005 280.00000000000006 264.50000000000006 747.00000000000011 566.50000000000011
decision_type=2 2 2 2 2 2 2
left_child=1 2 4 -2 -1 -5 -6
right_child=3 -3 -4 5 6 -7 -8
leaf_value=0.021366362649175977 -0.019627489213512306 -0.069845212973277879 -0.071019798881111096 -0.087474416057642959 0.080702958117251158 -0.070908660439562884 0.070812332266999858
leaf_weight=0.6344877928495406 0.62473598122596774 0.6115269511938094 0.41792988777160633 0.48997150361537967 0.69166310131549869 2.0759849101305008 2.9010023772716522
leaf_count=3 3 3 2 2 3 10 14
internal_value=0 0.0385054 0.0527824 -0.0634486 0.0650365 -0.0740969 0.0727341
internal_weight=0 5.25661 4.64508 3.19069 4.22715 2.56596 3.59267
internal_count=40 25 22 15 20 12 17
is_linear=0
shrinkage=0.05


Tree=12
num_leaves=8
num_cat=0
split_feature=1 9 9 9 4 0 9
split_gain=3.94534 2.65759 2.60952 1.66054 1.45502 0.678179 0.448699
threshold=1.0000000180025095e-35 3969.5000000000005 3969.5000000000005 3425.5000000000005 -1.0000000180025095e-35 0.72916666666666685 958.00000000000011
decision_type=2 2 2 2 2 2 2
left_child=2 3 6 4 -2 -3 -1
right_child=1 5 -4 -5 -6 -7 -8
leaf_value=-0.069564891512159624 -0.074697548974397232 -0.06982352219882651 0.06935378704870758 0.070027675638366899 0.031745166193287502 -0.00014047221095655669 0.0015984955822804748
leaf_weight=0.40565249323844943 0.6376236379146577 2.4320131987333302 2.4099807143211365 0.81786701083183277 0.64556899666786205 0.40929190814495076 0.48484201729297638
leaf_count=2 3 12 12 4 3 2 2
internal_value=0 -0.0282727 0.0423239 0.0143454 -0.0211129 -0.0598031 -0.0307738
internal_weight=0 4.94236 3.30048 2.10106 1.28319 2.84131 0.890495
internal_count=40 24 16 10 6 14 4
is_linear=0
shrinkage=0.05


end of trees

feature_importances:
Microwave_daytime=15
ClothesWasher_midnight=11
day_cos=9
IH_daytime=9
AirConditioner_daytime=7
age=6
ClothesWasher_daytime=6
TV_daytime=6
edu_0=5
RiceCooker_midnight=4
edu_1=2
day_sin=2
day_sin_*_Microwave_daytime=2
AirConditioner_midnight=1
day_sin_*_AirConditioner_daytime=1

parameters:
[boosting: gbdt]
[objective: binary]
[metric: roc_auc]
[tree_learner: serial]
[device_type: cpu]
[data_sample_strategy: bagging]
[data: ]
[valid: ]
[num_iterations: 10000]
[learning_rate: 0.05]
[num_leaves: 25]
[num_threads: 0]
[seed: 0]
[deterministic: 0]
[force_col_wise: 0]
[force_row_wise: 0]
[histogram_pool_size: -1]
[max_depth: -1]
[min_data_in_leaf: 2]
[min_sum_hessian_in_leaf: 0.001]
[bagging_fraction: 0.957486]
[pos_bagging_fraction: 1]
[neg_bagging_fraction: 1]
[bagging_freq: 4]
[bagging_seed: 3]
[feature_fraction: 0.400286]
[feature_fraction_bynode: 1]
[feature_fraction_seed: 2]
[extra_trees: 0]
[extra_seed: 6]
[early_stopping_round: 0]
[early_stopping_min_delta: 0]
[first_metric_only: 0]
[max_delta_step: 0]
[lambda_l1: 0.0009517]
[lambda_l2: 0.000197255]
[linear_lambda: 0]
[min_gain_to_split: 0]
[drop_rate: 0.1]
[max_drop: 50]
[skip_drop: 0.5]
[xgboost_dart_mode: 0]
[uniform_drop: 0]
[drop_seed: 4]
[top_rate: 0.2]
[other_rate: 0.1]
[min_data_per_group: 100]
[max_cat_threshold: 32]
[cat_l2: 10]
[cat_smooth: 10]
[max_cat_to_onehot: 4]
[top_k: 20]
[monotone_constraints: ]
[monotone_constraints_method: basic]
[monotone_penalty: 0]
[feature_contri: ]
[forcedsplits_filename: ]
[refit_decay_rate: 0.9]
[cegb_tradeoff: 1]
[cegb_penalty_split: 0]
[cegb_penalty_feature_lazy: ]
[cegb_penalty_feature_coupled: ]
[path_smooth: 0]
[interaction_constraints: ]
[verbosity: -1]
[saved_feature_importance_type: 0]
[use_quantized_grad: 0]
[num_grad_quant_bins: 4]
[quant_train_renew_leaf: 0]
[stochastic_rounding: 1]
[linear_tree: 0]
[max_bin: 255]
[max_bin_by_feature: ]
[min_data_in_bin: 3]
[bin_construct_sample_cnt: 200000]
[data_random_seed: 1]
[is_enable_sparse: 1]
[enable_bundle: 1]
[use_missing: 1]
[zero_as_missing: 0]
[feature_pre_filter: 1]
[pre_partition: 0]
[two_round: 0]
[header: 0]
[label_column: ]
[weight_column: ]
[group_column: ]
[ignore_column: ]
[categorical_feature: ]
[forcedbins_filename: ]
[precise_float_parser: 0]
[parser_config_file: ]
[objective_seed: 5]
[num_class: 1]
[is_unbalance: 0]
[scale_pos_weight: 1]
[sigmoid: 1]
[boost_from_average: 1]
[reg_sqrt: 0]
[alpha: 0.9]
[fair_c: 1]
[poisson_max_delta_step: 0.7]
[tweedie_variance_power: 1.5]
[lambdarank_truncation_level: 30]
[lambdarank_norm: 1]
[label_gain: ]
[lambdarank_position_bias_regularization: 0]
[eval_at: ]
[multi_error_top_k: 1]
[auc_mu_weights: ]
[num_machines: 1]
[local_listen_port: 12400]
[time_out: 120]
[machine_list_filename: ]
[machines: ]
[gpu_platform_id: -1]
[gpu_device_id: -1]
[gpu_use_dp: 0]
[num_gpu: 1]

end of parameters

pandas_categorical:null
