tree
version=v4
num_class=1
num_tree_per_iteration=1
label_index=0
max_feature_idx=14
objective=binary sigmoid:1
feature_names=age edu_0 edu_1 day_cos day_sin AirConditioner_daytime AirConditioner_midnight ClothesWasher_daytime ClothesWasher_midnight Microwave_daytime RiceCooker_midnight TV_daytime IH_daytime day_sin_*_AirConditioner_daytime day_sin_*_Microwave_daytime
feature_infos=[0:0.95833333333333348] [0:1] [0:1] [-19166.122869735264:28107.811945514353] [-28033.352039369551:27887.235772973232] [0:19197] [0:3172] [23:961] [0:348] [389:23807] [5:3593] [0:6009] [76:9012] [-73439782.003440708:282141619.46977478] [-425556360.09612447:441164972.81721169]
tree_sizes=612 641 730 645 804 822 951 937 808 810 834 833 827 852 847 847 852 857 850 833 753 850 844 750 756 757 749 747 921 851 846 853 651 651 652 653 828 1039 852 752 756 760 856 853 864 959 860 864 857 953 855 961 949 1078 947 1077 748 848 1048 851 943 857 947 864 860 858

Tree=0
num_leaves=5
num_cat=0
split_feature=0 8 7 0
split_gain=8.10598 8.1494 9.48262 1.40446
threshold=0.22916666666666677 89.000000000000014 333.00000000000006 0.43750000000000028
decision_type=2 2 2 2
left_child=-1 3 -3 -2
right_child=1 2 -4 -5
leaf_value=-0.099468892126761688 0 0.099645915756172473 -0.098583958853237397 -0.099150280656035469
leaf_weight=1.9999999999999998 0.49999999999999989 3.0000000000000004 0.74999999999999989 1.2499999999999998
leaf_count=8 2 12 3 5
internal_value=0 0.0179918 0.059719 -0.070825
internal_weight=0 5.5 3.75 1.75
internal_count=30 22 15 7
is_linear=0
shrinkage=0.05


Tree=1
num_leaves=5
num_cat=0
split_feature=0 8 7 4
split_gain=7.33242 7.37067 8.5825 1.36485
threshold=0.22916666666666677 89.000000000000014 333.00000000000006 21367.11173714064
decision_type=2 2 2 2
left_child=-1 3 -3 -2
right_child=1 2 -4 -5
leaf_value=-0.094733978250616024 -0.095375363726268578 0.09490325934981203 -0.093887809866775584 0.00039417881902836864
leaf_weight=1.9950611591339109 1.247546315193176 2.9925652742385869 0.74818065762519825 0.49938657879829396
leaf_count=8 5 12 3 2
internal_value=0 0.0171122 0.0568619 -0.0674054
internal_weight=0 5.48768 3.74075 1.74693
internal_count=30 22 15 7
is_linear=0
shrinkage=0.05


Tree=2
num_leaves=6
num_cat=0
split_feature=3 0 12 1 3
split_gain=6.75863 5.22761 4.0559 2.95616 1.43784
threshold=7760.4817985490345 0.85416666666666707 8234.0000000000018 1.0000000180025095e-35 12561.649668615259
decision_type=2 2 2 2 2
left_child=1 -1 3 -2 -5
right_child=2 -3 -4 4 -6
leaf_value=0.091737232326492474 0.028970758496296108 -0.089021070169337399 0.08902009478497025 0 -0.091509959962150694
leaf_weight=1.9835447520017626 0.74295607209205616 0.49529963731765736 0.49529850482940663 0.49530681967735324 3.2231654673814774
leaf_count=8 3 2 2 2 13
internal_value=0 0.0551952 -0.0458453 -0.0610546 -0.0793225
internal_weight=0 2.47884 4.95673 4.46143 3.71847
internal_count=30 10 20 18 15
is_linear=0
shrinkage=0.05


Tree=3
num_leaves=5
num_cat=0
split_feature=0 8 7 11
split_gain=6.27672 6.16965 7.17987 1.22086
threshold=0.22916666666666677 89.000000000000014 333.00000000000006 629.00000000000011
decision_type=2 2 2 2
left_child=-1 3 -3 -2
right_child=1 2 -4 -5
leaf_value=-0.088096079354008983 -0.088286293796545359 0.087920646484124718 -0.086197755604908721 0.0027474889034823464
leaf_weight=1.9657587110996244 1.2306194901466367 2.9461642056703572 0.73507989943027485 0.49442563951015461
leaf_count=8 5 12 3 2
internal_value=0 0.0161508 0.0528664 -0.0615937
internal_weight=0 5.40629 3.68124 1.72505
internal_count=30 22 15 7
is_linear=0
shrinkage=0.05


Tree=4
num_leaves=7
num_cat=0
split_feature=7 14 7 3 4 11
split_gain=5.92414 5.21914 5.49107 1.20143 1.08818 0.909493
threshold=91.000000000000014 78944954.053860128 221.50000000000003 28007.561853563322 21367.11173714064 2985.0000000000005
decision_type=2 2 2 2 2 2
left_child=-1 3 4 -2 -3 -4
right_child=1 2 5 -5 -6 -7
leaf_value=0.087846811030593469 -0.086344026746727684 0 0.091261537679741225 0 -0.096801219728963064 0.011444554350738141
leaf_weight=1.9441700428724287 1.9510342329740527 0.48291446268558524 1.7162861227989199 0.48547768592834462 0.72812703251838684 0.48981676995754231
leaf_count=8 8 2 7 2 3 2
internal_value=0 -0.0127991 0.0268481 -0.0688281 -0.0582114 0.0740147
internal_weight=0 5.85366 3.41714 2.43651 1.21104 2.2061
internal_count=32 24 14 10 5 9
is_linear=0
shrinkage=0.05


Tree=5
num_leaves=7
num_cat=0
split_feature=7 14 7 8 8 0
split_gain=5.42524 4.76558 4.99658 1.17101 0.99406 0.882095
threshold=91.000000000000014 78944954.053860128 221.50000000000003 217.00000000000003 148.00000000000003 0.3541666666666668
decision_type=2 2 2 2 2 2
left_child=-1 3 4 -2 -3 -4
right_child=1 2 5 -5 -6 -7
leaf_value=0.084672775914382478 -0.083629266940319913 0 0.0095194909631380002 0.0014661473540483773 -0.092607232118676303 0.088098554079124647
leaf_weight=1.9168831706047056 1.926144987344742 0.48284541070461295 0.49135430157184634 0.48144806921482075 0.723370760679245 1.6968298107385633
leaf_count=8 8 2 2 2 3 7
internal_value=0 -0.0122573 0.0256852 -0.0661815 -0.0555317 0.0709322
internal_weight=0 5.80199 3.3944 2.40759 1.20622 2.18818
internal_count=32 24 14 10 5 9
is_linear=0
shrinkage=0.05


Tree=6
num_leaves=8
num_cat=0
split_feature=3 7 12 1 9 3 12
split_gain=5.04756 2.84743 2.87576 2.10912 2.9942 1.05918 4.02526
threshold=12561.649668615259 91.000000000000014 8234.0000000000018 1.0000000180025095e-35 8617.0000000000018 -12490.498262856005 2979.0000000000005
decision_type=2 2 2 2 2 2 2
left_child=5 -2 3 4 -3 6 -1
right_child=1 2 -4 -5 -6 -7 -8
leaf_value=-0.092905246497568872 0.088893423753436701 0.092864635840405538 0.076543598872684082 -0.081047620457661687 -0.082113590164879124 0.082461919529504435 0.083776041019570147
leaf_weight=0.48039224743843101 0.48590038716793049 0.49372909963131029 0.46390941739082325 2.3672713488340378 0.48233148455619812 1.8851760476827619 0.96394909918308258
leaf_count=2 2 2 2 10 2 8 4
internal_value=0 -0.0244127 -0.039151 -0.0555197 0.00533133 0.0575409 0.0242854
internal_weight=0 4.29314 3.80724 3.34333 0.976061 3.32952 1.44434
internal_count=32 18 16 14 4 14 6
is_linear=0
shrinkage=0.05


Tree=7
num_leaves=8
num_cat=0
split_feature=3 7 12 1 9 10 12
split_gain=4.63738 2.61113 2.64955 1.95174 2.73607 1.14812 0.948563
threshold=12561.649668615259 91.000000000000014 8234.0000000000018 1.0000000180025095e-35 8617.0000000000018 896.50000000000011 251.00000000000003
decision_type=2 2 2 2 2 2 2
left_child=5 -2 3 4 -3 6 -1
right_child=1 2 -4 -5 -6 -7 -8
leaf_value=0 0.085473984598990471 0.088923490743859676 0.074370207202843916 -0.078591682696754747 -0.079375243394344736 -0.013819479418304473 0.080949640171091936
leaf_weight=0.45878167450428087 0.48022072017192829 0.48993055522441942 0.45385384559631337 2.3203733265399933 0.47423334419727325 0.48225444555282582 2.3318989276885986
leaf_count=2 2 2 2 10 2 2 10
internal_value=0 -0.0235935 -0.0378865 -0.0537188 0.00506496 0.0556382 0.0680144
internal_weight=0 4.21861 3.73839 3.28454 0.964164 3.27294 2.79068
internal_count=32 18 16 14 4 14 12
is_linear=0
shrinkage=0.05


Tree=8
num_leaves=7
num_cat=0
split_feature=3 5 12 3 3 8
split_gain=4.86089 3.89944 3.10922 1.08473 0.951109 0.896974
threshold=7760.4817985490345 6726.5000000000009 8234.0000000000018 28007.561853563322 -17266.003587081457 148.00000000000003
decision_type=2 2 2 2 2 2
left_child=4 2 3 -2 -1 -3
right_child=1 5 -4 -5 -6 -7
leaf_value=0 -0.079672257335837326 0.087631558557291267 0.072401370215773683 0.00082375313620623941 0.079296305172377471 0
leaf_weight=0.44675673544406924 2.7714527994394311 0.73116022348403908 0.443162441253662 0.46290647983551014 1.8344990015029905 0.45454369485378265
leaf_count=2 12 3 2 2 8 2
internal_value=0 -0.0250775 -0.0506452 -0.0678303 0.0633592 0.0533389
internal_weight=0 4.86323 3.67752 3.23436 2.28126 1.1857
internal_count=31 21 16 14 10 5
is_linear=0
shrinkage=0.05


Tree=9
num_leaves=7
num_cat=0
split_feature=3 5 12 3 3 14
split_gain=4.46544 3.57736 2.86707 1.02187 0.895721 0.828709
threshold=7760.4817985490345 6726.5000000000009 8234.0000000000018 28007.561853563322 -17266.003587081457 78944954.053860128
decision_type=2 2 2 2 2 2
left_child=4 2 3 -2 -1 -3
right_child=1 5 -4 -5 -6 -7
leaf_value=0 -0.077409011533185079 0 0.070609426347627097 0.00078257191290283376 0.077066403119177951 0.084379693474056147
leaf_weight=0.44675673544406924 2.7113829255104074 0.45454369485378243 0.43197762966155995 0.46291556954383839 1.7942250967025755 0.7216159999370575
leaf_count=2 12 2 2 2 8 3
internal_value=0 -0.0242182 -0.0490616 -0.0656788 0.0612875 0.0510653
internal_weight=0 4.78244 3.60628 3.1743 2.24098 1.17616
internal_count=31 21 16 14 10 5
is_linear=0
shrinkage=0.05


Tree=10
num_leaves=7
num_cat=0
split_feature=3 13 12 1 9 3
split_gain=4.1088 3.33626 2.3223 1.81445 2.29175 0.846588
threshold=7760.4817985490345 122809425.63081345 8234.0000000000018 1.0000000180025095e-35 8617.0000000000018 -17266.003587081457
decision_type=2 2 2 2 2 2
left_child=5 2 3 4 -2 -1
right_child=1 -3 -4 -5 -6 -7
leaf_value=0 0.081780259421072948 0.077577093194947558 0.068971322819038963 -0.075451959941592289 -0.074650093861708358 0.075054507371332443
leaf_weight=0.44675673544406924 0.48001362383365664 0.69005319476127613 0.42042356729507435 2.6495630592107773 0.45504006743431091 1.7512971162796018
leaf_count=2 2 3 2 12 2 8
internal_value=0 -0.0234275 -0.0410934 -0.0542961 0.00454087 0.0593763
internal_weight=0 4.69509 4.00504 3.58462 0.935054 2.19805
internal_count=31 21 18 16 4 10
is_linear=0
shrinkage=0.05


Tree=11
num_leaves=7
num_cat=0
split_feature=3 5 12 8 3 12
split_gain=3.79045 3.04637 2.45884 0.972477 0.802705 0.727726
threshold=7760.4817985490345 6726.5000000000009 8234.0000000000018 217.00000000000003 -17266.003587081457 2163.0000000000005
decision_type=2 2 2 2 2 2
left_child=4 2 3 -2 -1 -3
right_child=1 5 -4 -5 -6 -7
leaf_value=0 -0.073826466724420989 0.079237474128266427 0.067467727061603464 0.0043741808552585247 0.073231394642307449 -0.00048233444136586173
leaf_weight=0.44675673544406924 2.5918620824813852 0.70035329461097695 0.40860810875892628 0.4402300864458083 1.7062969654798505 0.44074022769927979
leaf_count=2 12 3 2 2 8 2
internal_value=0 -0.0228009 -0.0464331 -0.0621295 0.0576038 0.0475392
internal_weight=0 4.58179 3.4407 3.03209 2.15305 1.14109
internal_count=31 21 16 14 10 5
is_linear=0
shrinkage=0.05


Tree=12
num_leaves=7
num_cat=0
split_feature=3 8 10 4 7 10
split_gain=3.44975 3.88409 1.33674 2.86505 0.81711 0.323097
threshold=12561.649668615259 182.00000000000003 774.00000000000011 24527.553295263981 271.00000000000006 1090.5000000000002
decision_type=2 2 2 2 2 2
left_child=2 -2 4 -4 -1 -3
right_child=1 5 3 -5 -6 -7
leaf_value=0.073039712070289822 -0.073030371752226708 0.068192049580320865 -0.098765775312654458 0.076664742526152366 0 0.0082790826322192614
leaf_weight=1.9149697422981269 2.1336277276277547 0.60929703712463357 0.47016598284244526 0.45736804604530334 0.4467567354440688 0.42566187679767609
leaf_count=9 10 3 2 2 2 2
internal_value=0 -0.0342915 0.0387824 -0.0111405 0.058829 0.0445635
internal_weight=0 3.16859 3.28926 0.927534 2.36173 1.03496
internal_count=30 15 15 4 11 5
is_linear=0
shrinkage=0.05


Tree=13
num_leaves=7
num_cat=0
split_feature=3 12 1 10 4 12
split_gain=3.18368 1.73029 1.79501 1.2377 2.61977 0.646599
threshold=12561.649668615259 8234.0000000000018 1.0000000180025095e-35 774.00000000000011 24527.553295263981 251.00000000000003
decision_type=2 2 2 2 2 2
left_child=3 2 -2 5 -5 -1
right_child=1 -3 -4 4 -6 -7
leaf_value=0.0020237066807003131 0.023146967282531676 0.064761168176547965 -0.070820940739321339 -0.094441686701489946 0.074510756745132606 0.070464864058358473
leaf_weight=0.46343269944191057 0.65555281937122423 0.38416478037834156 2.0522214621305466 0.46718755364418019 0.44732068479061127 1.845710292458534
leaf_count=2 3 2 10 2 2 9
internal_value=0 -0.0333751 -0.0476867 0.0376121 -0.010664 0.0571815
internal_weight=0 3.09194 2.70777 3.22365 0.914508 2.30914
internal_count=30 15 13 15 4 11
is_linear=0
shrinkage=0.05


Tree=14
num_leaves=7
num_cat=0
split_feature=8 10 14 9 5 6
split_gain=2.54445 3.65155 2.58939 2.5794 0.564871 0.00356571
threshold=89.000000000000014 774.00000000000011 289712501.42988938 8617.0000000000018 6726.5000000000009 834.50000000000011
decision_type=2 2 2 2 2 2
left_child=2 -2 -1 4 -3 -5
right_child=1 3 -4 5 -6 -7
leaf_value=-0.070972405232613278 0.069737583875506895 0.075975369511970495 0.06803740213203921 -0.091272016526065258 -0.0018211435861015463 -0.065437082455673978
leaf_weight=1.6450491994619372 2.1918371319770813 0.461117923259735 0.41322633624076832 0.46874666213989236 0.4211345911026001 0.57039467990398407
leaf_count=8 11 2 2 2 2 3
internal_value=0 0.0255081 -0.0425543 -0.0244069 0.0376682 -0.078109
internal_weight=0 4.11323 2.05828 1.92139 0.882253 1.03914
internal_count=30 20 10 9 4 5
is_linear=0
shrinkage=0.05


Tree=15
num_leaves=7
num_cat=0
split_feature=3 8 10 4 12 10
split_gain=2.76327 3.21812 1.05825 2.24993 0.578537 0.260139
threshold=12561.649668615259 182.00000000000003 774.00000000000011 24527.553295263981 251.00000000000003 1090.5000000000002
decision_type=2 2 2 2 2 2
left_child=2 -2 4 -4 -1 -3
right_child=1 5 3 -5 -6 -7
leaf_value=0.0019079006543781711 -0.068897364593956317 0.064671381052387775 -0.087352952082177318 0.071355909264833581 0.067717833420211412 0.0086723875058964534
leaf_weight=0.45432394742965776 1.9662740528583529 0.5576234608888625 0.45837718248367298 0.43199451267719269 1.7356775403022764 0.40627862513065338
leaf_count=2 10 3 2 2 9 2
internal_value=0 -0.03201 0.0357856 -0.00918182 0.0545423 0.0421554
internal_weight=0 2.93018 3.08037 0.890372 2.19 0.963902
internal_count=30 15 15 4 11 5
is_linear=0
shrinkage=0.05


Tree=16
num_leaves=7
num_cat=0
split_feature=7 1 14 0 8 7
split_gain=2.74756 2.34205 2.40698 1.37706 1.65982 0.562766
threshold=91.000000000000014 1.0000000180025095e-35 289712501.42988938 0.43750000000000028 126.50000000000001 247.50000000000003
decision_type=2 2 2 2 2 2
left_child=-1 5 3 -3 -5 -2
right_child=1 2 -4 4 -6 -7
leaf_value=0.069292965035356521 0.0017025888469118997 -0.071305017749897837 0.063702117788351456 -0.068296858851127282 0.072169023413869118 0.078354900608985367
leaf_weight=1.3123102933168409 0.40983778238296487 2.1646817624568948 0.54100775718688954 0.40659347176551808 0.43358658254146576 0.69101138412952423
leaf_count=7 2 11 3 2 2 3
internal_value=0 -0.0125642 -0.0325222 -0.0501966 0.0029532 0.0507694
internal_weight=0 4.64672 3.54587 3.00486 0.84018 1.10085
internal_count=30 23 18 15 4 5
is_linear=0
shrinkage=0.05


Tree=17
num_leaves=7
num_cat=0
split_feature=7 1 14 4 5 9
split_gain=2.56187 2.16758 2.24589 0.750001 0.549353 0.526126
threshold=91.000000000000014 1.0000000180025095e-35 289712501.42988938 24527.553295263981 1.0000000180025095e-35 8617.0000000000018
decision_type=2 2 2 2 2 2
left_child=-1 5 3 4 -3 -2
right_child=1 2 -4 -5 -6 -7
leaf_value=0.068035117389187036 0.076113896792748048 -0.0038541986064292073 0.062673001193270614 0.011498095149281157 -0.069880905868890536 0.0016174486947888454
leaf_weight=1.270801246166229 0.67617025971412636 0.41060715913772705 0.52286070585250843 0.409037485718727 2.0968034714460373 0.40985129773616791
leaf_count=7 3 2 3 2 11 2
internal_value=0 -0.0122344 -0.0318635 -0.0491724 -0.0594851 0.0489643
internal_weight=0 4.52533 3.43931 2.91645 2.50741 1.08602
internal_count=30 23 18 15 13 5
is_linear=0
shrinkage=0.05


Tree=18
num_leaves=7
num_cat=0
split_feature=7 1 14 0 8 4
split_gain=2.39013 2.00095 2.08542 1.25085 1.51396 0.506393
threshold=91.000000000000014 1.0000000180025095e-35 289712501.42988938 0.43750000000000028 126.50000000000001 5083.8884395216492
decision_type=2 2 2 2 2 2
left_child=-1 5 3 -3 -5 -2
right_child=1 2 -4 4 -6 -7
leaf_value=0.066869868445333588 0.00077582077825670993 -0.068717071093410437 0.061712921390205934 -0.066385835879496757 0.070271921766863019 0.07428326613793361
leaf_weight=1.2293539047241209 0.407377168536186 2.0410728305578241 0.50490407645702351 0.38784171640872944 0.42198717594146729 0.66282279789447784
leaf_count=7 2 11 3 2 2 3
internal_value=0 -0.0118609 -0.0310338 -0.0478282 0.00353814 0.0472808
internal_weight=0 4.42601 3.35581 2.8509 0.809829 1.0702
internal_count=30 23 18 15 4 5
is_linear=0
shrinkage=0.05


Tree=19
num_leaves=7
num_cat=0
split_feature=7 1 14 0 8 9
split_gain=2.23303 1.85619 1.94984 1.17088 1.40906 0.494409
threshold=91.000000000000014 1.0000000180025095e-35 289712501.42988938 0.43750000000000028 126.50000000000001 8617.0000000000018
decision_type=2 2 2 2 2 2
left_child=-1 5 3 -3 -5 -2
right_child=1 2 -4 4 -6 -7
leaf_value=0.065787606924469999 0.072704707786270029 -0.067520455769111282 0.060814724874612508 -0.065099500678284572 0.068681127652997595 0
leaf_weight=1.1881478726863859 0.65001747012138344 1.975061476230622 0.48719552159309376 0.37603400647640217 0.41047036647796631 0.40364423394203186
leaf_count=7 3 11 3 2 2 2
internal_value=0 -0.0115677 -0.0304637 -0.0469475 0.00339546 0.0457006
internal_weight=0 4.30242 3.24876 2.76157 0.786504 1.05366
internal_count=30 23 18 15 4 5
is_linear=0
shrinkage=0.05


Tree=20
num_leaves=6
num_cat=0
split_feature=0 13 5 1 7
split_gain=2.48257 1.61026 2.28182 1.07688 0.499587
threshold=0.22916666666666677 48206926.876815356 68.000000000000014 1.0000000180025095e-35 271.00000000000006
decision_type=2 2 2 2 2
left_child=-1 2 4 -4 -2
right_child=1 -3 3 -5 -6
leaf_value=-0.068023061830949597 0.062709459871327658 0.069790313877631308 0.015050287862656518 -0.067825368488605056 -0.0014189530643017199
leaf_weight=1.2643989622592924 0.97661367058753989 0.93363930284976948 0.54407210648059834 1.2497032284736631 0.39544150233268738
leaf_count=7 6 5 3 7 2
internal_value=0 0.0120214 -0.00468981 -0.0421089 0.0434706
internal_weight=0 4.09947 3.16583 1.79378 1.37206
internal_count=30 23 18 10 8
is_linear=0
shrinkage=0.05


Tree=21
num_leaves=7
num_cat=0
split_feature=14 7 8 1 9 12
split_gain=1.25472 1.61874 1.58359 1.43235 0.889639 0.634955
threshold=289712501.42988938 91.000000000000014 17.500000000000004 1.0000000180025095e-35 8617.0000000000018 5155.0000000000009
decision_type=2 2 2 2 2 2
left_child=1 2 -1 4 -3 -5
right_child=-2 3 -4 5 -6 -7
leaf_value=-0.07859940652143943 0.060183945089063266 0.070762501119774335 0.063953800237223621 -0.065571012174498747 -0.0225870060498463 0.0044266224292185824
leaf_weight=0.2395355701446531 0.61558678746223439 0.42839585244655631 0.9458564817905426 2.0256735086441044 0.60864181816577911 0.35296170413494099
leaf_count=1 4 2 6 12 3 2
internal_value=0 -0.0156471 0.0342605 -0.0332732 0.0149777 -0.0547469
internal_weight=0 4.60106 1.18539 3.41567 1.03704 2.37864
internal_count=30 26 7 19 5 14
is_linear=0
shrinkage=0.05


Tree=22
num_leaves=7
num_cat=0
split_feature=0 13 3 12 8 0
split_gain=2.20857 1.3964 1.40322 0.754301 0.73337 0.58924
threshold=0.22916666666666677 48206926.876815356 12561.649668615259 251.00000000000003 148.00000000000003 0.3541666666666668
decision_type=2 2 2 2 2 2
left_child=-1 2 3 -2 -5 -4
right_child=1 -3 5 4 -6 -7
leaf_value=-0.065954170995288913 -0.0636118651447697 0.06724427769016815 0.011720733478156949 0.061223371254064546 -0.014536066650727562 -0.062653422783294485
leaf_weight=1.192933991551399 0.19910763204097826 0.87852676212787617 0.33472907543182351 1.0501126050949094 0.43039344251155842 0.98617801070213318
leaf_count=7 1 5 2 7 2 6
internal_value=0 0.0117393 -0.00416856 0.0257665 0.0384973 -0.0430192
internal_weight=0 3.87905 3.00052 1.67961 1.48051 1.32091
internal_count=30 23 18 10 9 8
is_linear=0
shrinkage=0.05


Tree=23
num_leaves=6
num_cat=0
split_feature=0 13 14 7 1
split_gain=2.06589 1.3061 1.05601 1.46631 1.26897
threshold=0.22916666666666677 48206926.876815356 252069037.20534056 91.000000000000014 1.0000000180025095e-35
decision_type=2 2 2 2 2
left_child=-1 2 3 -2 -5
right_child=1 -3 -4 4 -6
leaf_value=-0.064922989851710369 0.05669016431246357 0.066086471135584898 0.061747105999452184 0.021828155721332149 -0.065496416481970535
leaf_weight=1.1523211896419523 0.50749269127845886 0.84995125234127034 0.49815678596496571 0.58263970911502938 1.3325258940458284
leaf_count=7 4 5 3 3 8
internal_value=0 0.0114704 -0.00406988 -0.0180374 -0.038387
internal_weight=0 3.77077 2.92082 2.42266 1.91517
internal_count=30 23 18 15 11
is_linear=0
shrinkage=0.05


Tree=24
num_leaves=6
num_cat=0
split_feature=0 14 10 0 11
split_gain=1.74008 2.04259 1.1192 1.40973 0.770396
threshold=0.43750000000000028 289712501.42988938 223.50000000000003 0.85416666666666707 1.0000000180025095e-35
decision_type=2 2 2 2 2
left_child=1 4 3 -2 -1
right_child=2 -3 -4 -5 -6
leaf_value=0.013111944556101908 0.056122266554875302 0.057943220071634285 0.067906547417177693 -0.062676366179604814 -0.065461509079165522
leaf_weight=0.35998679697513614 0.48750515282154117 0.54530310630798329 1.1520779728889463 0.50903859734535217 1.6253855675458906
leaf_count=2 4 4 6 3 10
internal_value=0 -0.0268678 0.0342985 -0.00351615 -0.0506902
internal_weight=0 2.53068 2.14862 0.996544 1.98537
internal_count=29 16 13 7 12
is_linear=0
shrinkage=0.05


Tree=25
num_leaves=6
num_cat=0
split_feature=0 14 8 11 3
split_gain=1.62422 1.90719 1.39852 0.735479 0.464244
threshold=0.43750000000000028 289712501.42988938 17.500000000000004 1.0000000180025095e-35 -1.0000000180025095e-35
decision_type=2 2 2 2 2
left_child=1 3 4 -1 -2
right_child=2 -3 -4 -5 -6
leaf_value=0.012451843911508317 -0.06270108812089796 0.057312129977497989 0.063136410988211378 -0.064504260261119648 0.017233793409684662
leaf_weight=0.36012437939643893 0.36261934041976929 0.52427746355533589 1.3788549080491064 1.5684776902198789 0.33396182954311404
leaf_count=2 2 4 9 10 2
internal_value=0 -0.026317 0.0337622 -0.0495947 -0.0228896
internal_weight=0 2.45288 2.07544 1.9286 0.696581
internal_count=29 16 13 12 4
is_linear=0
shrinkage=0.05


Tree=26
num_leaves=6
num_cat=0
split_feature=0 14 8 4 8
split_gain=1.51248 1.78165 1.31472 0.750062 0.435789
threshold=0.43750000000000028 289712501.42988938 17.500000000000004 24527.553295263981 1.0000000180025095e-35
decision_type=2 2 2 2 2
left_child=1 3 4 -1 -2
right_child=2 -3 -4 -5 -6
leaf_value=-0.063740522280703149 0.01637037114221912 0.05671354262115802 0.062299357490312381 0.015565902504641658 -0.06165375967737944
leaf_weight=1.5269376114010813 0.3340069800615314 0.50384055078029621 1.3287844285368917 0.3457372486591338 0.35064777731895447
leaf_count=10 2 4 9 2 2
internal_value=0 -0.0257863 0.0330917 -0.0485426 -0.0220759
internal_weight=0 2.37652 2.01344 1.87267 0.684655
internal_count=29 16 13 12 4
is_linear=0
shrinkage=0.05


Tree=27
num_leaves=6
num_cat=0
split_feature=0 14 8 4 0
split_gain=1.409 1.66533 1.23698 0.715831 0.409487
threshold=0.43750000000000028 289712501.42988938 17.500000000000004 24527.553295263981 0.93750000000000033
decision_type=2 2 2 2 2
left_child=1 3 4 -1 -2
right_child=2 -3 -4 -5 -6
leaf_value=-0.062892513191202287 -0.060672696851866027 0.056144385885747938 0.061515946389685799 0.014783504463817316 0.015550537287410005
leaf_weight=1.4715568050742152 0.33880582451820362 0.48400548100471485 1.2796690091490743 0.34584146738052357 0.33404529094696045
leaf_count=10 2 4 9 2 2
internal_value=0 -0.0252772 0.0324478 -0.0475382 -0.0212903
internal_weight=0 2.3014 1.95252 1.8174 0.672851
internal_count=29 16 13 12 4
is_linear=0
shrinkage=0.05


Tree=28
num_leaves=8
num_cat=0
split_feature=10 8 0 10 9 3 7
split_gain=1.4915 1.54543 1.9539 0.499033 1.1916 0.14363 0.114978
threshold=1539.0000000000002 89.000000000000014 0.93750000000000033 896.50000000000011 10271.500000000002 19811.181330964704 247.50000000000003
decision_type=2 2 2 2 2 2 2
left_child=1 2 -1 5 -5 -3 -7
right_child=-2 3 -4 4 -6 6 -8
leaf_value=-0.064348168555950006 -0.058822629909676474 0.06275592865635353 0.066208415172835475 0.065341518005161123 -0.065137083979122004 0 0.0518733221859407
leaf_weight=0.98428919911384605 0.80698180943727482 1.3245409503579142 0.39767360687255859 0.37050679326057423 0.3298230916261673 0.23426268249750126 0.21176761388778687
leaf_count=6 6 9 2 2 2 2 2
internal_value=0 0.0158659 -0.0260214 0.0397149 0.00240439 0.0538825 0.0251809
internal_weight=0 3.85286 1.38196 2.4709 0.70033 1.77057 0.44603
internal_count=31 25 8 17 4 13 4
is_linear=0
shrinkage=0.05


Tree=29
num_leaves=7
num_cat=0
split_feature=10 8 0 10 5 11
split_gain=1.40177 1.44407 1.82871 0.467041 1.11243 0.176058
threshold=1539.0000000000002 89.000000000000014 0.93750000000000033 896.50000000000011 1673.5000000000002 747.00000000000011
decision_type=2 2 2 2 2 2
left_child=1 2 -1 5 -5 -3
right_child=-2 3 -4 4 -6 -7
leaf_value=-0.063395514058955299 -0.058199929039240018 0.060476953455400141 0.064917928609048561 -0.063963981569791453 0.064137148538926533 0.012811545917045636
leaf_weight=0.94999921321868919 0.77563170343637455 1.4220371767878535 0.38561038672924042 0.31934846937656391 0.35888995230197906 0.29179276525974263
leaf_count=6 6 11 2 2 2 2
internal_value=0 0.0156106 -0.0255655 0.0390368 0.0022846 0.0529717
internal_weight=0 3.72768 1.33561 2.39207 0.678238 1.71383
internal_count=31 25 8 17 4 13
is_linear=0
shrinkage=0.05


Tree=30
num_leaves=7
num_cat=0
split_feature=14 8 7 0 9 4
split_gain=1.28731 1.202 2.00232 0.724547 0.441126 0.770744
threshold=78944954.053860128 89.000000000000014 256.00000000000006 0.10416666666666675 10271.500000000002 23576.64658122131
decision_type=2 2 2 2 2 2
left_child=1 -1 -3 -2 -5 -6
right_child=3 2 -4 4 5 -7
leaf_value=-0.061958345585789103 -0.051615928315773586 0.059257059199755928 -0.057730671912491274 0.064883587911174281 0.055265788700161661 -0.065976389656561177
leaf_weight=1.0303636342287066 0.20462753623723973 0.84045691788196542 0.64335373789072037 1.0788013786077497 0.3437477946281432 0.20844832062721252
leaf_count=7 2 7 5 6 3 1
internal_value=0 -0.0203591 0.00783052 0.0346646 0.0461331 0.00760521
internal_weight=0 2.51417 1.48381 1.83563 1.631 0.552196
internal_count=31 19 12 12 10 4
is_linear=0
shrinkage=0.05


Tree=31
num_leaves=7
num_cat=0
split_feature=10 8 0 10 5 11
split_gain=1.23966 1.26721 1.60537 0.411616 0.972377 0.166248
threshold=1539.0000000000002 89.000000000000014 0.93750000000000033 896.50000000000011 1673.5000000000002 747.00000000000011
decision_type=2 2 2 2 2 2
left_child=1 2 -1 5 -5 -3
right_child=-2 3 -4 4 -6 -7
leaf_value=-0.061679415907580207 -0.057051817778332237 0.059197758411713333 0.062586141059751729 -0.061774251106998551 0.062001206381410767 0.011699270010813428
leaf_weight=0.88329330831766151 0.71556214243173588 1.3137869164347651 0.36125408113002777 0.29883764684200276 0.33603140711784363 0.28107523173093785
leaf_count=6 6 11 2 2 2 2
internal_value=0 0.0151448 -0.0247678 0.0378897 0.00209816 0.0514823
internal_weight=0 3.47428 1.24455 2.22973 0.634869 1.59486
internal_count=31 25 8 17 4 13
is_linear=0
shrinkage=0.05


Tree=32
num_leaves=5
num_cat=0
split_feature=2 13 4 14
split_gain=1.65515 0.907965 0.836107 1.06601
threshold=1.0000000180025095e-35 122809425.63081345 26268.550939383818 289712501.42988938
decision_type=2 2 2 2
left_child=1 2 3 -1
right_child=-2 -3 -4 -5
leaf_value=-0.06012307950101177 0.061423695786918642 0.058626797169914195 0.050820425918026019 0.053584075985401859
leaf_weight=1.5739342272281658 0.82889656722545613 0.30438414216041554 0.24946171045303334 0.22736522555351246
leaf_count=12 6 2 3 2
internal_value=0 -0.0207094 -0.0329974 -0.045188
internal_weight=0 2.35515 2.05076 1.8013
internal_count=25 19 17 14
is_linear=0
shrinkage=0.05


Tree=33
num_leaves=5
num_cat=0
split_feature=2 7 14 3
split_gain=1.55243 0.926444 0.974066 0.739431
threshold=1.0000000180025095e-35 91.000000000000014 289712501.42988938 24194.978234606097
decision_type=2 2 2 2
left_child=1 3 -3 -1
right_child=-2 2 -4 -5
leaf_value=0.056458425124928317 0.06065643564606097 -0.0587323972441023 0.052979611663468984 -0.059270803282339558
leaf_weight=0.53274957090616304 0.79819355159997929 1.3340407982468603 0.21868404746055592 0.17859916388988495
leaf_count=5 6 11 2 1
internal_value=0 -0.0204186 -0.0423234 0.0259297
internal_weight=0 2.26407 1.55272 0.711349
internal_count=25 19 13 6
is_linear=0
shrinkage=0.05


Tree=34
num_leaves=5
num_cat=0
split_feature=2 7 14 3
split_gain=1.45847 0.870559 0.91916 0.695962
threshold=1.0000000180025095e-35 91.000000000000014 289712501.42988938 24194.978234606097
decision_type=2 2 2 2
left_child=1 3 -3 -1
right_child=-2 2 -4 -5
leaf_value=0.055933949054011438 0.059933732370751648 -0.058177471781164947 0.052392604850636584 -0.05820533540389531
leaf_weight=0.51140056550502855 0.76819066703319538 1.2807779908180235 0.21029277145862568 0.17292323708534241
leaf_count=5 6 11 2 1
internal_value=0 -0.0201853 -0.0418797 0.0255615
internal_weight=0 2.17539 1.49107 0.684324
internal_count=25 19 13 6
is_linear=0
shrinkage=0.05


Tree=35
num_leaves=5
num_cat=0
split_feature=1 7 14 0
split_gain=1.37087 0.818288 0.867797 0.655378
threshold=1.0000000180025095e-35 91.000000000000014 289712501.42988938 0.22916666666666677
decision_type=2 2 2 2
left_child=-1 3 -3 -2
right_child=1 2 -4 -5
leaf_value=0.059251733807453515 -0.057194342303585582 -0.057653280176257315 0.051820971822741202 0.055431564348214141
leaf_weight=0.73892524093389544 0.16732692718505893 1.2291118800640104 0.20218981057405461 0.4907585009932518
leaf_count=6 1 11 2 5
internal_value=0 -0.0199615 -0.0414558 0.0252039
internal_weight=0 2.08939 1.4313 0.658085
internal_count=25 19 13 6
is_linear=0
shrinkage=0.05


Tree=36
num_leaves=7
num_cat=0
split_feature=8 4 10 14 3 9
split_gain=0.787256 1.18184 1.11191 0.721179 0.16439 0.0577138
threshold=89.000000000000014 21367.11173714064 1539.0000000000002 196757302.4561837 12561.649668615259 11689.000000000002
decision_type=2 2 2 2 2 2
left_child=1 -1 3 5 -5 -2
right_child=2 -3 -4 4 -6 -7
leaf_value=-0.059703323768289185 0.05765483423245487 0.056022034470813754 -0.05660688739493961 -0.058628456121688245 0 0.021729014436929824
leaf_weight=1.0445036515593531 1.0347255617380144 0.27069422602653492 0.43561591953039158 0.17520558834075917 0.27085182070732117 0.24006515741348255
leaf_count=9 10 2 4 1 3 2
internal_value=0 -0.0350879 0.0138741 0.0323255 -0.0207408 0.0517109
internal_weight=0 1.3152 2.15646 1.72085 0.446057 1.27479
internal_count=31 11 20 16 4 12
is_linear=0
shrinkage=0.05


Tree=37
num_leaves=9
num_cat=0
split_feature=3 13 0 10 4 3 9 0
split_gain=0.643455 0.669806 0.587563 0.410572 0.667771 0.360737 0.334589 0.26843
threshold=12561.649668615259 122809425.63081345 0.85416666666666707 774.00000000000011 24527.553295263981 28007.561853563322 13764.000000000002 0.3541666666666668
decision_type=2 2 2 2 2 2 2 2
left_child=2 5 3 -1 -5 6 -2 -8
right_child=1 -3 -4 4 -6 -7 7 -9
leaf_value=0.056493163049661968 -0.06001959465789506 0.05403689251606178 -0.052883901323082072 -0.056992976300249035 0.055718870078652505 0.014502725840892234 -0.047390192369887729 0.047369517369544832
leaf_weight=0.7624691501259806 1.0511115156114099 0.22770934551954258 0.22720511257648457 0.26409879326820374 0.26098546385765076 0.26288496702909459 0.14935078471899021 0.14917129278182983
leaf_count=8 9 2 2 2 2 2 2 2
internal_value=0 -0.0243947 0.0194776 0.0330619 0 -0.0361217 -0.0467547 0
internal_weight=0 1.84023 1.51476 1.28755 0.525084 1.61252 1.34963 0.298522
internal_count=31 17 14 12 4 15 13 4
is_linear=0
shrinkage=0.05


Tree=38
num_leaves=7
num_cat=0
split_feature=8 4 11 7 11 4
split_gain=0.707745 1.05221 0.91771 0.696988 0.524677 0.0594481
threshold=89.000000000000014 21367.11173714064 1.0000000180025095e-35 256.00000000000006 51.500000000000007 23576.64658122131
decision_type=2 2 2 2 2 2
left_child=1 -1 -2 4 -4 -6
right_child=2 -3 3 -5 5 -7
leaf_value=-0.058563443762341821 0.056825863493114519 0.054682663899559607 -0.056624908655806432 -0.056043425704546561 0.055266112892395525 0.0096872619115399277
leaf_weight=0.97072153910994552 0.76930332928895984 0.250835120677948 0.1640917509794233 0.53128524869680405 0.3850301206111908 0.16273782774806023
leaf_count=9 8 2 1 5 4 2
internal_value=0 -0.0344517 0.0136671 -0.0122086 0.0190511 0.0436343
internal_weight=0 1.22156 2.01245 1.24314 0.71186 0.547768
internal_count=31 11 20 12 7 6
is_linear=0
shrinkage=0.05


Tree=39
num_leaves=6
num_cat=0
split_feature=8 4 10 9 5
split_gain=0.665075 0.992322 0.940938 0.759115 0.283196
threshold=89.000000000000014 21367.11173714064 774.00000000000011 8617.0000000000018 3631.0000000000005
decision_type=2 2 2 2 2
left_child=1 -1 -2 4 -4
right_child=2 -3 3 -5 -6
leaf_value=-0.058018151269477673 0.055033846560728239 0.054048568415667679 0.057882182142210942 -0.057335972184326192 -0.0097669183626141742
leaf_weight=0.9318395256996157 0.80668436363339413 0.24133258312940598 0.30089826881885506 0.55715613812208176 0.27383211255073547
leaf_count=9 10 2 2 5 3
internal_value=0 -0.0340719 0.0134931 -0.0151974 0.0238473
internal_weight=0 1.17317 1.93857 1.13189 0.57473
internal_count=31 11 20 10 5
is_linear=0
shrinkage=0.05


Tree=40
num_leaves=6
num_cat=0
split_feature=0 13 1 5 0
split_gain=1.06472 0.731065 0.684166 0.836925 0.644829
threshold=0.22916666666666677 48206926.876815356 1.0000000180025095e-35 68.000000000000014 0.85416666666666707
decision_type=2 2 2 2 2
left_child=-1 2 -2 4 -4
right_child=1 -3 3 -5 -6
leaf_value=-0.056352806824561896 0.055975086959605493 0.058931355922005761 0.05478185856306203 -0.056143148846349925 -0.0510799786170823
leaf_weight=0.63516660779714618 0.40543674677610453 0.71241138130426396 0.46341608464717821 0.70753736793994904 0.19984662532806396
leaf_count=6 4 6 5 7 2
internal_value=0 0.0161303 -0.000454961 -0.0179107 0.0213091
internal_weight=0 2.48865 1.77624 1.3708 0.663263
internal_count=30 24 18 14 7
is_linear=0
shrinkage=0.05


Tree=41
num_leaves=6
num_cat=0
split_feature=0 13 2 5 0
split_gain=1.00353 0.687536 0.644441 0.788479 0.608644
threshold=0.22916666666666677 48206926.876815356 1.0000000180025095e-35 68.000000000000014 0.85416666666666707
decision_type=2 2 2 2 2
left_child=-1 2 3 4 -2
right_child=1 -3 -4 -5 -6
leaf_value=-0.055855488313651051 0.054321960619705026 0.058304855862753163 0.055420525534083533 -0.055677741043971454 -0.050550672766100091
leaf_weight=0.60943435505032573 0.44445447623729728 0.68476592749357212 0.38942691683769215 0.67851560562849045 0.19204244017601013
leaf_count=6 5 6 4 7 2
internal_value=0 0.0159779 -0.000421224 -0.0177562 0.0210382
internal_weight=0 2.38921 1.70444 1.31501 0.636497
internal_count=30 24 18 14 7
is_linear=0
shrinkage=0.05


Tree=42
num_leaves=7
num_cat=0
split_feature=7 7 7 8 8 8
split_gain=0.563458 0.793326 0.575836 0.511999 0.359342 0.488059
threshold=271.00000000000006 221.50000000000003 156.50000000000003 1.0000000180025095e-35 148.00000000000003 17.500000000000004
decision_type=2 2 2 2 2 2
left_child=1 2 4 -2 5 -1
right_child=3 -3 -4 -5 -6 -7
leaf_value=-0.05084702466120411 0.032016053610161625 0.057056749508904117 -0.053887840841882917 -0.054738121687800061 -0.053026797492734805 0.053984325930061333
leaf_weight=0.12918293476104803 0.21320024505257595 0.74339286237955082 0.44396055117249489 0.6555650532245636 0.14260442554950714 0.54970227181911469
leaf_count=1 2 7 5 7 1 7
internal_value=0 0.0158999 -0.00746039 -0.0322471 0.0163705 0.0324932
internal_weight=0 2.00884 1.26545 0.868765 0.82149 0.678885
internal_count=30 21 14 9 9 8
is_linear=0
shrinkage=0.05


Tree=43
num_leaves=7
num_cat=0
split_feature=7 7 7 14 9 3
split_gain=0.526348 0.749253 0.541665 0.365912 0.337921 0.461588
threshold=271.00000000000006 221.50000000000003 156.50000000000003 78944954.053860128 10271.500000000002 24194.978234606097
decision_type=2 2 2 2 2 2
left_child=1 2 4 -2 5 -1
right_child=3 -3 -4 -5 -6 -7
leaf_value=0.053600370789841582 -0.053954432171461335 0.056544048835721186 -0.053465549672110119 0.015046042679136409 -0.052226458674679101 -0.050106728284262672
leaf_weight=0.52654555439949058 0.5836421251296996 0.71338851004838932 0.4255613200366497 0.25597275793552399 0.13767875730991364 0.12465523928403854
leaf_count=7 7 7 5 2 1 1
internal_value=0 0.0157046 -0.00743355 -0.0316797 0.0160862 0.0321399
internal_weight=0 1.92783 1.21444 0.839615 0.78888 0.651201
internal_count=30 21 14 9 9 8
is_linear=0
shrinkage=0.05


Tree=44
num_leaves=7
num_cat=0
split_feature=10 2 9 7 13 0
split_gain=0.557974 0.721205 0.567802 0.487399 0.411581 0.339355
threshold=1539.0000000000002 1.0000000180025095e-35 11689.000000000002 91.000000000000014 -1.0000000180025095e-35 0.68750000000000033
decision_type=2 2 2 2 2 2
left_child=1 2 3 5 -4 -1
right_child=-2 -3 4 -5 -6 -7
leaf_value=-0.049382890886272096 -0.052743226969374668 0.058117471997031094 -0.044656926012112519 -0.054806330211198698 0.055564371847060881 0.050495259497594452
leaf_weight=0.1202728524804122 0.37831635773181904 0.6315924897789954 0.11918886750936508 0.63681249693036079 0.47238401323556889 0.25206616893410683
leaf_count=1 5 5 2 7 5 4
internal_value=0 0.0127572 -0.00449516 -0.027863 0.0336035 0.0154276
internal_weight=0 2.23232 1.60072 1.00915 0.591573 0.372339
internal_count=29 24 19 12 7 5
is_linear=0
shrinkage=0.05


Tree=45
num_leaves=8
num_cat=0
split_feature=6 14 8 8 14 11 3
split_gain=0.504337 0.467481 0.387476 0.470976 0.277678 0.104641 0.0153755
threshold=1150.5000000000002 252069037.20534056 17.500000000000004 148.00000000000003 35271677.322435357 747.00000000000011 12561.649668615259
decision_type=2 2 2 2 2 2 2
left_child=1 2 -1 6 -5 -2 -4
right_child=5 -3 3 4 -6 -7 -8
leaf_value=-0.05387065412901703 0.05476259061381894 0.054408698410509382 0.050449283501438506 0.015091709748076276 -0.054554109330140592 0.0093976651273419351 0.015375085337230952
leaf_weight=0.57238356769084953 0.43630819022655476 0.23074252158403386 0.24692266806960106 0.19089660793542862 0.40357864648103714 0.26761626079678535 0.15685508772730827
leaf_count=7 5 2 4 2 4 3 2
internal_value=0 -0.010778 -0.0210235 -0.00113913 -0.0304409 0.0390028 0.0394169
internal_weight=0 1.80138 1.57064 0.998253 0.594475 0.703924 0.403778
internal_count=29 21 19 12 6 8 6
is_linear=0
shrinkage=0.05


Tree=46
num_leaves=7
num_cat=0
split_feature=10 2 9 7 0 7
split_gain=0.507468 0.655011 0.485572 0.441227 0.386653 0.303452
threshold=1539.0000000000002 1.0000000180025095e-35 11689.000000000002 91.000000000000014 0.3541666666666668 45.000000000000007
decision_type=2 2 2 2 2 2
left_child=1 2 3 5 -4 -1
right_child=-2 -3 4 -5 -6 -7
leaf_value=-0.047901322936199087 -0.05203698121190297 0.057207053827378396 -0.044327623022717901 -0.054006417078611424 0.054595334366276588 0.049882557831476153
leaf_weight=0.11151210218668051 0.35292901843786229 0.59237773716449726 0.11616801097989082 0.58468976244330406 0.43502111732959747 0.23437581583857536
leaf_count=1 5 5 2 7 5 4
internal_value=0 0.0126417 -0.00447738 -0.0271149 0.0318488 0.0153387
internal_weight=0 2.07414 1.48177 0.930578 0.551189 0.345888
internal_count=29 24 19 12 7 5
is_linear=0
shrinkage=0.05


Tree=47
num_leaves=7
num_cat=0
split_feature=10 2 14 8 11 6
split_gain=0.478658 0.617202 0.530399 0.337385 0.337281 0.1874
threshold=1539.0000000000002 1.0000000180025095e-35 252069037.20534056 17.500000000000004 1.0000000180025095e-35 673.00000000000011
decision_type=2 2 2 2 2 2
left_child=1 2 3 -1 -5 -6
right_child=-2 -3 -4 4 5 -7
leaf_value=-0.053172075315921864 -0.051660201387443774 0.056644052528580138 0.052959141059617479 0.050189264898773844 0.014248694059457175 -0.051782503927606742
leaf_weight=0.47357229143381141 0.33810482919216145 0.56894794479012478 0.30549242347478855 0.2346767969429493 0.15038009732961655 0.25713150203227997
leaf_count=6 5 5 4 4 2 3
internal_value=0 0.0125036 -0.00443957 -0.0210954 0.000947555 -0.0248665
internal_weight=0 1.9902 1.42125 1.11576 0.642188 0.407512
internal_count=29 24 19 15 9 5
is_linear=0
shrinkage=0.05


Tree=48
num_leaves=7
num_cat=0
split_feature=0 6 10 10 0 14
split_gain=0.759951 0.915268 0.419775 0.558746 0.299969 0.08468
threshold=0.22916666666666677 2900.5000000000005 1539.0000000000002 223.50000000000003 0.85416666666666707 18819743.060522456
decision_type=2 2 2 2 2 2
left_child=-1 2 3 4 -2 -5
right_child=1 -3 -4 5 -6 -7
leaf_value=-0.053244291682904149 0.043179470567381917 -0.069327415308926763 -0.04691962052144704 0.0099786624983034602 -0.051104849860865602 0.056460751095811793
leaf_weight=0.58200873434543643 0.11740497127175364 0.29294991493225087 0.16771842539310444 0.17075698822736729 0.24823667854070663 1.0345650650560854
leaf_count=8 3 2 3 2 3 11
internal_value=0 0.0114514 0.0256674 0.0340849 -0.0179768 0.0507424
internal_weight=0 2.03163 1.73868 1.57096 0.365642 1.20532
internal_count=32 24 22 19 6 13
is_linear=0
shrinkage=0.05


Tree=49
num_leaves=8
num_cat=0
split_feature=3 5 3 8 8 7 6
split_gain=0.724516 0.385617 0.460888 0.40237 0.353683 0.342914 0.292907
threshold=12561.649668615259 6726.5000000000009 27345.975762391452 182.00000000000003 89.000000000000014 256.00000000000006 230.50000000000003
decision_type=2 2 2 2 2 2 2
left_child=4 3 -3 -2 6 -5 -1
right_child=1 2 -4 5 -6 -7 -8
leaf_value=0.046183795174571197 -0.059649334327857212 0.053688823233043317 -0.049336913453313105 0.04965930083639241 0.055567380064451499 -0.047093397274948552 -0.0483761125288244
leaf_weight=0.13547864556312594 0.77240053936839081 0.28962337225675572 0.16595179960131645 0.19357208162546158 0.59260566905140877 0.17118936404585838 0.19488956779241562
leaf_count=2 9 3 2 3 7 3 3
internal_value=0 -0.023335 0.0138694 -0.0391555 0.0322467 0.00139701 -0.0064436
internal_weight=0 1.59274 0.455575 1.13716 0.922974 0.364761 0.330368
internal_count=32 20 5 15 12 6 5
is_linear=0
shrinkage=0.05


Tree=50
num_leaves=7
num_cat=0
split_feature=3 13 0 8 3 6
split_gain=0.682912 0.383269 0.701543 0.333489 0.299964 0.276247
threshold=12561.649668615259 48206926.876815356 0.3541666666666668 89.000000000000014 28007.561853563322 230.50000000000003
decision_type=2 2 2 2 2 2
left_child=3 4 -3 5 -2 -1
right_child=1 2 -4 -5 -6 -7
leaf_value=0.045693460025407757 -0.059043324619777494 -0.051319631974860239 0.052944600810031897 0.05511044417892217 0.010585828567802187 -0.04796856095284846
leaf_weight=0.13022163510322604 0.71475229039788224 0.29006369411945343 0.3577401414513588 0.56826132163405418 0.16669121012091637 0.18692194297909737
leaf_count=2 9 4 5 7 2 3
internal_value=0 -0.0231132 0.00465014 0.0319689 -0.044695 -0.00622381
internal_weight=0 1.52925 0.647804 0.885405 0.881444 0.317144
internal_count=32 20 9 12 11 5
is_linear=0
shrinkage=0.05


Tree=51
num_leaves=8
num_cat=0
split_feature=3 13 12 8 3 6 11
split_gain=0.641907 0.35635 0.409452 0.314571 0.289125 0.260515 0.136253
threshold=12561.649668615259 48206926.876815356 2163.0000000000005 89.000000000000014 28007.561853563322 230.50000000000003 1311.0000000000002
decision_type=2 2 2 2 2 2 2
left_child=3 4 -3 5 -2 -1 -4
right_child=1 2 6 -5 -6 -7 -8
leaf_value=0.045201574859468276 -0.058506059414591929 0.05266253986548966 0.0094949318264646414 0.054671699686559327 0.010075231797030706 -0.047561401702982301 -0.050773206065359212
leaf_weight=0.12518697977066073 0.68598112463951089 0.26709965243935585 0.11138200759887695 0.54477688297629356 0.16640018671751022 0.17929132282733917 0.24247562140226364
leaf_count=2 9 3 3 7 2 3 3
internal_value=0 -0.0227817 0.00453152 0.0316978 -0.0438971 -0.0059988 -0.0288671
internal_weight=0 1.47334 0.620957 0.849255 0.852381 0.304478 0.353858
internal_count=32 20 9 12 11 5 6
is_linear=0
shrinkage=0.05


Tree=52
num_leaves=8
num_cat=0
split_feature=3 10 0 3 10 8 4
split_gain=0.793669 0.390193 0.485943 0.352322 0.230289 0.192913 0.182802
threshold=12561.649668615259 565.50000000000011 0.52083333333333359 28007.561853563322 896.50000000000011 89.000000000000014 21367.11173714064
decision_type=2 2 2 2 2 2 2
left_child=4 -2 3 -3 5 6 -1
right_child=1 2 -4 -5 -6 -7 -8
leaf_value=-0.043829695269812813 -0.059208659237655149 -0.051294448107942758 0.05216892221882885 0.046677299357090106 -0.013720027154282137 0.054833436740902186 0.044707362382735101
leaf_weight=0.11223270371556304 0.55326362699270226 0.44722260534763336 0.25641835853457451 0.10456332564353943 0.20775724202394485 0.67533544450998306 0.12036710977554321
leaf_count=2 6 8 3 1 2 9 2
internal_value=0 -0.0267327 -0.0032031 -0.0308315 0.0301192 0.0412983 0
internal_weight=0 1.36147 0.808204 0.551786 1.11569 0.907935 0.2326
internal_count=33 18 12 9 15 13 4
is_linear=0
shrinkage=0.05


Tree=53
num_leaves=9
num_cat=0
split_feature=3 5 3 3 10 13 9 12
split_gain=0.743307 0.380501 0.361099 0.270142 0.220623 0.099706 0.0851863 0.0868378
threshold=12561.649668615259 6726.5000000000009 27345.975762391452 28007.561853563322 896.50000000000011 -1.0000000180025095e-35 3152.5000000000005 251.00000000000003
decision_type=2 2 2 2 2 2 2 2
left_child=4 3 -3 -2 5 -1 7 -7
right_child=1 2 -4 -5 -6 6 -8 -9
leaf_value=-0.00048493165617058778 -0.056847679534886432 0.051686912018120347 -0.047133958141003039 0.0096061818536542273 -0.013059835835760987 -0.035025332859273207 0.054764631764343902 0.040216916331041547
leaf_weight=0.081157773733139038 0.76089107617735841 0.24613187462091446 0.14000355079770088 0.15935412421822548 0.20736750960350037 0.057505432516336663 0.64008889347314835 0.091950450092554092
leaf_count=2 11 3 2 2 2 1 7 3
internal_value=0 -0.0264572 0.0131551 -0.0442092 0.0296003 0.0409567 0.0465342 0.00429939
internal_weight=0 1.30638 0.386135 0.920245 1.07807 0.870703 0.789545 0.149456
internal_count=33 18 5 13 15 13 11 4
is_linear=0
shrinkage=0.05


Tree=54
num_leaves=8
num_cat=0
split_feature=3 5 3 3 10 8 4
split_gain=0.691969 0.35495 0.340627 0.261348 0.209775 0.180278 0.163065
threshold=12561.649668615259 6726.5000000000009 27345.975762391452 28007.561853563322 896.50000000000011 89.000000000000014 21367.11173714064
decision_type=2 2 2 2 2 2 2
left_child=4 3 -3 -2 5 6 -1
right_child=1 2 -4 -5 -6 -7 -8
leaf_value=-0.0431004136656074 -0.056416944913187633 0.051215025508798896 -0.046622659144282423 0.0091413894731032543 -0.012429563744585604 0.054047788519591591 0.04358811409789301
leaf_weight=0.10620817542076133 0.72917011380195595 0.23623263090848923 0.13460151851177216 0.15910089761018753 0.20700851827859879 0.62225528806447983 0.11030970513820648
leaf_count=2 11 3 2 2 2 9 2
internal_value=0 -0.0260677 0.0128899 -0.0435031 0.0289261 0.0403745 0
internal_weight=0 1.25911 0.370834 0.888271 1.04578 0.838773 0.216518
internal_count=33 18 5 13 15 13 4
is_linear=0
shrinkage=0.05


Tree=55
num_leaves=9
num_cat=0
split_feature=3 10 0 3 10 13 9 0
split_gain=0.646333 0.339364 0.394018 0.318267 0.201184 0.0931623 0.0774682 0.0749618
threshold=12561.649668615259 565.50000000000011 0.52083333333333359 28007.561853563322 896.50000000000011 -1.0000000180025095e-35 3152.5000000000005 0.85416666666666707
decision_type=2 2 2 2 2 2 2 2
left_child=4 -2 3 -3 5 -1 7 -7
right_child=1 2 -4 -5 -6 6 -8 -9
leaf_value=-0.00015074984043444279 -0.057467239296643519 -0.05043379648683749 0.050751867060110346 0.045733997992130987 -0.011828086654338779 0.039015601157945036 0.053972917805539145 -0.033485319280624447
leaf_weight=0.077721642330288887 0.49813576042652108 0.38937080092728138 0.22671234235167503 0.099429778754711151 0.20667783915996552 0.084157325327396615 0.5886504277586937 0.053676873445510864
leaf_count=2 6 8 3 1 2 3 7 1
internal_value=0 -0.0256797 -0.002084 -0.0287309 0.0284128 0.0400496 0.0457823 0.0032293
internal_weight=0 1.21365 0.715513 0.488801 1.01088 0.804206 0.726485 0.137834
internal_count=33 18 12 9 15 13 11 4
is_linear=0
shrinkage=0.05


Tree=56
num_leaves=6
num_cat=0
split_feature=6 0 1 14 7
split_gain=0.360594 0.399178 0.285504 0.466551 0.388252
threshold=2900.5000000000005 0.22916666666666677 1.0000000180025095e-35 252069037.20534056 91.000000000000014
decision_type=2 2 2 2 2
left_child=1 -1 -3 4 -4
right_child=-2 2 3 -5 -6
leaf_value=-0.050075561181005313 -0.05895627541269103 0.051926134002260288 0.04464098203251677 0.050231682196200424 -0.052318900093309265
leaf_weight=0.28725984506309021 0.28306586295366298 0.3695934712886807 0.12558209896087658 0.2911548838019371 0.42033955082297325
leaf_count=5 3 6 3 5 7
internal_value=0 0.00204515 0.0153224 0 -0.0280991
internal_weight=0 1.49393 1.20667 0.837077 0.545922
internal_count=29 26 21 15 10
is_linear=0
shrinkage=0.05


Tree=57
num_leaves=7
num_cat=0
split_feature=6 0 1 9 7 3
split_gain=0.338435 0.37765 0.269058 0.323531 0.359439 0.00231329
threshold=2900.5000000000005 0.22916666666666677 1.0000000180025095e-35 11689.000000000002 91.000000000000014 12561.649668615259
decision_type=2 2 2 2 2 2
left_child=1 -1 -3 4 -4 -5
right_child=-2 2 3 5 -6 -7
leaf_value=-0.049733252363033484 -0.05816610668448205 0.05156587839721697 0.044174145392251035 0.048702544659897762 -0.051990041489803754 0.015192655359461016
leaf_weight=0.27508491836488236 0.27282848209142696 0.35396395251154877 0.12069030106067657 0.19022523611783981 0.36876723542809486 0.1222466379404068
leaf_count=5 3 6 3 3 6 3
internal_value=0 0.00203048 0.015257 0 -0.0261423 0.0389422
internal_weight=0 1.43098 1.15589 0.801929 0.489458 0.312472
internal_count=29 26 21 15 9 6
is_linear=0
shrinkage=0.05


Tree=58
num_leaves=9
num_cat=0
split_feature=6 1 9 6 4 6 3 4
split_gain=0.318213 0.205168 0.334806 0.157493 0.176312 0.129721 0.0605035 0.0969838
threshold=2900.5000000000005 1.0000000180025095e-35 11689.000000000002 429.50000000000006 23576.64658122131 454.00000000000006 12561.649668615259 12893.26800791696
decision_type=2 2 2 2 2 2 2 2
left_child=1 5 3 4 -3 -1 -4 -8
right_child=-2 2 6 -5 -6 -7 7 -9
leaf_value=-0.0025045211058262172 -0.057406990639436398 -0.043989524575901023 0.048272411717536434 -0.051753572161004513 0.043702293860899938 0.0511781142199213 -0.037264645394651373 0.04038391172041722
leaf_weight=0.12796026095747937 0.26287003606557857 0.11286398768424977 0.18252147734165192 0.39132382348179817 0.11601480841636658 0.28601571917533875 0.071527104824781418 0.087378516793251038
leaf_count=3 3 2 3 7 3 4 2 2
internal_value=0 0.00204442 -0.00980603 -0.0324913 0 0.0320775 0.0283481 0
internal_weight=0 1.37561 0.96163 0.620203 0.228879 0.413976 0.341427 0.158906
internal_count=29 26 19 12 5 7 7 4
is_linear=0
shrinkage=0.05


Tree=59
num_leaves=7
num_cat=0
split_feature=6 0 1 14 6 13
split_gain=0.298682 0.344311 0.240317 0.39656 0.162786 0.129966
threshold=2900.5000000000005 0.22916666666666677 1.0000000180025095e-35 252069037.20534056 429.50000000000006 1387844.6602156435
decision_type=2 2 2 2 2 2
left_child=1 -1 -3 4 5 -4
right_child=-2 2 3 -5 -6 -7
leaf_value=-0.049187084561955391 -0.056676345674692222 0.050881101708302512 -0.038846010453521582 0.04929085751901089 -0.05108774835250577 0.043224916613805897
leaf_weight=0.25567701645195473 0.25319426506757747 0.32722263410687424 0.078583970665931702 0.25936423987150192 0.29286925867199898 0.11154716089367867
leaf_count=5 3 6 2 5 5 3
internal_value=0 0.00197974 0.0151915 0 -0.0273232 0.00382696
internal_weight=0 1.32526 1.06959 0.742365 0.483 0.190131
internal_count=29 26 21 15 10 5
is_linear=0
shrinkage=0.05


Tree=60
num_leaves=8
num_cat=0
split_feature=8 7 5 5 6 12 6
split_gain=0.463771 0.381504 0.202138 0.142849 0.160179 0.12501 0.106704
threshold=164.00000000000003 91.000000000000014 68.000000000000014 2510.0000000000005 1150.5000000000002 2979.0000000000005 391.00000000000006
decision_type=2 2 2 2 2 2 2
left_child=1 6 5 -2 -5 -3 -1
right_child=3 2 -4 4 -6 -7 -8
leaf_value=-0.012126051518704595 0.052667797271672014 -0.039697010853218369 -0.055100168455091358 -0.042200964398746439 0.042813062819914788 0.042410882413071116 0.047902079454955122
leaf_weight=0.083223553374409454 0.35443663597106945 0.083375327289104462 0.59863861836493015 0.10763799026608467 0.11347683146595955 0.10031326860189438 0.19048385694622993
leaf_count=2 4 2 9 3 3 2 4
internal_value=0 -0.0226544 -0.0409584 0.0329901 0 0 0.0258526
internal_weight=0 1.05603 0.782327 0.575551 0.221115 0.183689 0.273707
internal_count=29 19 13 10 6 4 6
is_linear=0
shrinkage=0.05


Tree=61
num_leaves=7
num_cat=0
split_feature=8 7 11 12 0 6
split_gain=0.436661 0.358506 0.325217 0.141808 0.163958 0.102277
threshold=164.00000000000003 91.000000000000014 2985.0000000000005 2979.0000000000005 0.3541666666666668 391.00000000000006
decision_type=2 2 2 2 2 2
left_child=1 5 -2 -3 -5 -1
right_child=2 3 -4 4 -6 -7
leaf_value=-0.011573726640940639 0.052186963291049542 -0.054579446204886153 -0.041732145701263594 -0.044747018468348637 0.041888416839709945 0.047508872590244333
leaf_weight=0.082855062559246795 0.44884831458330166 0.53414720296859741 0.10351210832595825 0.119858767837286 0.096583761274814606 0.18265755847096443
leaf_count=2 7 9 3 2 2 4
internal_value=0 -0.0223914 0.0326927 -0.0406008 -0.00127737 0.0251579
internal_weight=0 1.0161 0.55236 0.75059 0.216443 0.265513
internal_count=29 19 10 13 4 6
is_linear=0
shrinkage=0.05


Tree=62
num_leaves=8
num_cat=0
split_feature=8 7 5 5 6 12 6
split_gain=0.410126 0.336922 0.182772 0.128682 0.140648 0.108926 0.0980393
threshold=164.00000000000003 91.000000000000014 68.000000000000014 2510.0000000000005 1150.5000000000002 2979.0000000000005 391.00000000000006
decision_type=2 2 2 2 2 2 2
left_child=1 6 5 -2 -5 -3 -1
right_child=3 2 -4 4 -6 -7 -8
leaf_value=-0.011043395814705228 0.051848399185794404 -0.038358876480037246 -0.054300158686498706 -0.041255389266945663 0.041778408490264554 0.041360048081948014 0.047114424912282245
leaf_weight=0.082511348649859428 0.32567131519317627 0.076474864035844803 0.55054587870836258 0.099575459957122803 0.10393993183970451 0.093020122498273849 0.17516910284757614
leaf_count=2 4 2 9 3 3 2 4
internal_value=0 -0.0221307 -0.0402522 0.0323594 0 0 0.0244597
internal_weight=0 0.977721 0.720041 0.529187 0.203515 0.169495 0.25768
internal_count=29 19 13 10 6 4 6
is_linear=0
shrinkage=0.05


Tree=63
num_leaves=7
num_cat=0
split_feature=8 7 11 12 0 6
split_gain=0.386108 0.31661 0.292943 0.128729 0.143697 0.0939775
threshold=164.00000000000003 91.000000000000014 2985.0000000000005 2979.0000000000005 0.3541666666666668 391.00000000000006
decision_type=2 2 2 2 2 2
left_child=1 5 -2 -3 -5 -1
right_child=2 3 -4 4 -6 -7
leaf_value=-0.010534536029533836 0.05153847816472952 -0.053792675953661134 -0.040770426644474542 -0.043625286425829905 0.040825416568458346 0.046718021693231748
leaf_weight=0.082190657034516335 0.41209289059042931 0.49124060571193695 0.095819968730211258 0.10991118103265762 0.089615792036056519 0.16800610721111298
leaf_count=2 7 9 3 2 2 4
internal_value=0 -0.0218691 0.0320648 -0.0399048 -0.000477909 0.0237582
internal_weight=0 0.940964 0.507913 0.690768 0.199527 0.250197
internal_count=29 19 10 13 4 6
is_linear=0
shrinkage=0.05


Tree=64
num_leaves=7
num_cat=0
split_feature=5 9 13 9 14 3
split_gain=0.386293 0.32719 0.276247 0.138261 0.269766 0.0197189
threshold=3631.0000000000005 11689.000000000002 48206926.876815356 9272.0000000000018 35271677.322435357 1.0000000180025095e-35
decision_type=2 2 2 2 2 2
left_child=1 3 -2 4 -1 -3
right_child=2 5 -4 -5 -6 -7
leaf_value=0.044777282203134205 -0.039196744561512314 0.045635805247790651 0.053430719723499123 -0.053827992702777709 -0.04673441578270917 0.0032531907438022216
leaf_weight=0.13444880582392216 0.084275821223855019 0.14260475337505341 0.45660586468875408 0.39235101640224457 0.18951135873794556 0.10830052196979523
leaf_count=4 3 3 7 6 5 2
internal_value=0 -0.0155198 0.037064 -0.03345 -0.00553855 0.031507
internal_weight=0 0.967216 0.540882 0.716311 0.32396 0.250905
internal_count=30 20 10 15 9 5
is_linear=0
shrinkage=0.05


Tree=65
num_leaves=7
num_cat=0
split_feature=5 9 13 6 14 0
split_gain=0.361251 0.309805 0.262294 0.13317 0.251483 0.0201955
threshold=3631.0000000000005 11689.000000000002 48206926.876815356 673.00000000000011 35271677.322435357 0.43750000000000028
decision_type=2 2 2 2 2 2
left_child=1 3 -2 4 -1 -3
right_child=2 5 -4 -5 -6 -7
leaf_value=0.044344355833409885 -0.038668792228268502 0.0034081713357926331 0.053046612307277398 -0.053215862918583795 -0.04654282193413789 0.04600501341554819
leaf_weight=0.12911093421280384 0.081235472112894058 0.11163891479372978 0.43740415573120117 0.38211145251989365 0.17563094943761826 0.13353148102760315
leaf_count=4 3 3 7 7 4 2
internal_value=0 -0.0152089 0.0366641 -0.0331775 -0.00461728 0.030872
internal_weight=0 0.932024 0.51864 0.686853 0.304742 0.24517
internal_count=30 20 10 15 8 5
is_linear=0
shrinkage=0.05


end of trees

feature_importances:
day_cos=48
age=44
ClothesWasher_midnight=42
ClothesWasher_daytime=40
day_sin_*_Microwave_daytime=29
RiceCooker_midnight=28
Microwave_daytime=22
AirConditioner_midnight=21
IH_daytime=21
day_sin=20
AirConditioner_daytime=20
edu_0=18
day_sin_*_AirConditioner_daytime=16
TV_daytime=13
edu_1=7

parameters:
[boosting: gbdt]
[objective: binary]
[metric: roc_auc]
[tree_learner: serial]
[device_type: cpu]
[data_sample_strategy: bagging]
[data: ]
[valid: ]
[num_iterations: 10000]
[learning_rate: 0.05]
[num_leaves: 28]
[num_threads: 0]
[seed: 0]
[deterministic: 0]
[force_col_wise: 0]
[force_row_wise: 0]
[histogram_pool_size: -1]
[max_depth: -1]
[min_data_in_leaf: 2]
[min_sum_hessian_in_leaf: 0.001]
[bagging_fraction: 0.79059]
[pos_bagging_fraction: 1]
[neg_bagging_fraction: 1]
[bagging_freq: 4]
[bagging_seed: 3]
[feature_fraction: 0.891506]
[feature_fraction_bynode: 1]
[feature_fraction_seed: 2]
[extra_trees: 0]
[extra_seed: 6]
[early_stopping_round: 0]
[early_stopping_min_delta: 0]
[first_metric_only: 0]
[max_delta_step: 0]
[lambda_l1: 0.0208287]
[lambda_l2: 0.000208927]
[linear_lambda: 0]
[min_gain_to_split: 0]
[drop_rate: 0.1]
[max_drop: 50]
[skip_drop: 0.5]
[xgboost_dart_mode: 0]
[uniform_drop: 0]
[drop_seed: 4]
[top_rate: 0.2]
[other_rate: 0.1]
[min_data_per_group: 100]
[max_cat_threshold: 32]
[cat_l2: 10]
[cat_smooth: 10]
[max_cat_to_onehot: 4]
[top_k: 20]
[monotone_constraints: ]
[monotone_constraints_method: basic]
[monotone_penalty: 0]
[feature_contri: ]
[forcedsplits_filename: ]
[refit_decay_rate: 0.9]
[cegb_tradeoff: 1]
[cegb_penalty_split: 0]
[cegb_penalty_feature_lazy: ]
[cegb_penalty_feature_coupled: ]
[path_smooth: 0]
[interaction_constraints: ]
[verbosity: -1]
[saved_feature_importance_type: 0]
[use_quantized_grad: 0]
[num_grad_quant_bins: 4]
[quant_train_renew_leaf: 0]
[stochastic_rounding: 1]
[linear_tree: 0]
[max_bin: 255]
[max_bin_by_feature: ]
[min_data_in_bin: 3]
[bin_construct_sample_cnt: 200000]
[data_random_seed: 1]
[is_enable_sparse: 1]
[enable_bundle: 1]
[use_missing: 1]
[zero_as_missing: 0]
[feature_pre_filter: 1]
[pre_partition: 0]
[two_round: 0]
[header: 0]
[label_column: ]
[weight_column: ]
[group_column: ]
[ignore_column: ]
[categorical_feature: ]
[forcedbins_filename: ]
[precise_float_parser: 0]
[parser_config_file: ]
[objective_seed: 5]
[num_class: 1]
[is_unbalance: 0]
[scale_pos_weight: 1]
[sigmoid: 1]
[boost_from_average: 1]
[reg_sqrt: 0]
[alpha: 0.9]
[fair_c: 1]
[poisson_max_delta_step: 0.7]
[tweedie_variance_power: 1.5]
[lambdarank_truncation_level: 30]
[lambdarank_norm: 1]
[label_gain: ]
[lambdarank_position_bias_regularization: 0]
[eval_at: ]
[multi_error_top_k: 1]
[auc_mu_weights: ]
[num_machines: 1]
[local_listen_port: 12400]
[time_out: 120]
[machine_list_filename: ]
[machines: ]
[gpu_platform_id: -1]
[gpu_device_id: -1]
[gpu_use_dp: 0]
[num_gpu: 1]

end of parameters

pandas_categorical:null
