tree
version=v4
num_class=1
num_tree_per_iteration=1
label_index=0
max_feature_idx=14
objective=binary sigmoid:1
feature_names=age edu_0 edu_1 day_cos day_sin AirConditioner_daytime AirConditioner_midnight ClothesWasher_daytime ClothesWasher_midnight Microwave_daytime RiceCooker_midnight TV_daytime IH_daytime day_sin_*_AirConditioner_daytime day_sin_*_Microwave_daytime
feature_infos=[0.041666666666666963:0.95833333333333348] [0:1] [0:1] [-27779.116305995773:28049.283556908231] [-28146.243218396394:28271.854657414911] [0:13606] [30:3714] [5:459] [0:569] [599:18606] [120:2409] [0:5842] [0:8332] [-304116212.56039727:236787026.51792639] [-499089416.15307927:307767071.64104205]
tree_sizes=824 748 849 854 953 855 955 960 856 960 747 849 850 850 853 962 755 850 756 965 953 854 849 858 867 955 1050 855 852 858 752 754 967 764 755 857 859 850 858 966 956 859 958 859 850 962 856 957 753 859 869 963 870 864 857 867

Tree=0
num_leaves=7
num_cat=0
split_feature=8 11 3 12 9 3
split_gain=5.75227 10.346 3.2621 3.59692 4.99417 0.6895
threshold=28.000000000000004 135.50000000000003 1.0000000180025095e-35 2943.0000000000005 8705.0000000000018 3760.0499452584481
decision_type=2 2 2 2 2 2
left_child=-1 2 -2 4 -4 -3
right_child=1 5 3 -5 -6 -7
leaf_value=0.099904942166037375 0.099904942166037583 -0.099947169411541359 0.049936239849914243 0.066611909590465548 -0.099904942166037444 -0.049936239849914285
leaf_weight=1.2500000000000007 1.249999999999998 2.2500000000000004 1.0000000000000007 1.4999999999999998 1.2499999999999998 0.99999999999999989
leaf_count=5 5 9 4 6 5 4
internal_value=0 -0.0151484 0.0299916 0.00666238 -0.0333131 -0.084584
internal_weight=0 8.25 5 3.75 2.25 3.25
internal_count=38 33 20 15 9 13
is_linear=0
shrinkage=0.05


Tree=1
num_leaves=6
num_cat=0
split_feature=0 7 3 7 1
split_gain=10.3499 2.71216 3.24218 2.00119 1.92705
threshold=0.60416666666666685 231.00000000000003 3760.0499452584481 167.50000000000003 1.0000000180025095e-35
decision_type=2 2 2 2 2
left_child=1 3 -3 -1 -2
right_child=4 2 -4 -5 -6
leaf_value=-0.017518141513076537 0.096046652943294508 -0.057089053105879445 0.056843210074011746 -0.096523587151933876 0.018518722485758102
leaf_weight=1.2473520487546923 2.2461232990026474 1.2468845397233965 1.2486327290534971 2.2457938641309738 1.2473530918359759
leaf_count=5 9 5 5 9 5
internal_value=0 -0.0398956 -7.95886e-05 -0.0683288 0.0683822
internal_weight=0 5.98866 2.49552 3.49315 3.49348
internal_count=38 24 10 14 14
is_linear=0
shrinkage=0.05


Tree=2
num_leaves=7
num_cat=0
split_feature=14 11 5 3 9 9
split_gain=4.91509 4.4149 2.58907 2.02176 0.937092 0.465966
threshold=-157308280.00781998 2006.0000000000002 640.00000000000011 -1.0000000180025095e-35 12574.500000000002 8705.0000000000018
decision_type=2 2 2 2 2 2
left_child=2 3 4 -2 -1 -5
right_child=1 -3 -4 5 -6 -7
leaf_value=0.018359041871925115 0.093765160809470893 -0.037392873373770813 -0.09561679398613801 0.046627507963777931 -0.046746502898759534 -0.0017041479512310582
leaf_weight=1.2418050616979606 1.9896847009658813 1.7364069968461988 1.492923244833946 0.99773061275482178 0.99412608146667469 0.99511148035526276
leaf_count=5 8 7 6 4 4 4
internal_value=0 0.0291192 -0.0446543 0.0581233 -0.0105927 0.0225015
internal_weight=0 5.71893 3.72885 3.98253 2.23593 1.99284
internal_count=38 23 15 16 9 8
is_linear=0
shrinkage=0.05


Tree=3
num_leaves=7
num_cat=0
split_feature=0 4 10 3 10 8
split_gain=8.88325 6.78555 1.87921 0.809411 0.678693 0.00145834
threshold=0.60416666666666685 1.0000000180025095e-35 682.50000000000011 9883.8085594623244 434.00000000000006 180.00000000000003
decision_type=2 2 2 2 2 2
left_child=1 4 -2 -3 -1 -6
right_child=2 3 -4 -5 5 -7
leaf_value=-0.042978209565069862 0.014184796906447812 -0.0019198595586467759 0.091067719143510681 0.058565549557769249 -0.089652182537901193 -0.094436279676379797
leaf_weight=0.98882156610488925 1.2365243881940844 0.99534086883068118 2.2275846898555756 1.2428181022405622 1.7268693298101427 0.993980512022972
leaf_count=4 5 4 9 5 7 4
internal_value=0 -0.0370677 0.0636399 0.0316752 -0.0785418 -0.0914406
internal_weight=0 5.94783 3.46411 2.23816 3.70967 2.72085
internal_count=38 24 14 9 15 11
is_linear=0
shrinkage=0.05


Tree=4
num_leaves=8
num_cat=0
split_feature=8 11 14 8 2 8 8
split_gain=4.44295 7.54684 3.21616 3.72847 0.854714 0.663743 0.00344051
threshold=28.000000000000004 135.50000000000003 -83207224.982781515 380.00000000000006 1.0000000180025095e-35 131.50000000000003 65.000000000000014
decision_type=2 2 2 2 2 2 2
left_child=-1 2 3 -2 -4 6 -3
right_child=1 5 4 -5 -6 -7 -8
leaf_value=0.088695201023385739 -0.092452718529206043 -0.085901501328066204 0.035527040052791684 0.04485625629195069 0.090041578585748558 -0.039107256191866085 -0.091768788493019837
leaf_weight=1.2256481349468238 0.99153892695903667 1.2167769074440009 1.7274945229291907 0.98390835523605347 1.2346813976764679 0.98389029502868641 0.98797367513179768
leaf_count=5 4 5 7 4 5 4 4
internal_value=0 -0.013388 0.0253312 -0.0240721 0.0582775 -0.0733356 -0.0885792
internal_weight=0 8.12626 4.93762 1.97545 2.96218 3.18864 2.20475
internal_count=38 33 20 8 12 13 9
is_linear=0
shrinkage=0.05


Tree=5
num_leaves=7
num_cat=0
split_feature=8 13 8 1 13 8
split_gain=4.06411 4.29132 6.85291 2.0608 0.591944 0.00171493
threshold=28.000000000000004 1.0000000180025095e-35 256.00000000000006 1.0000000180025095e-35 -15178631.969689915 131.50000000000003
decision_type=2 2 2 2 2 2
left_child=-1 2 5 -3 -4 -2
right_child=1 3 4 -5 -6 -7
leaf_value=0.085423612430946538 -0.084563165267444659 0.086589663825574203 -0.00018092334131429425 -0.0010598303100202867 0.052029924162253743 -0.089098784529316868
leaf_weight=1.2094038277864463 2.1693629920482622 1.2201094627380371 0.9723056107759479 1.4869481474161148 1.2270823419094083 0.98395396769046772
leaf_count=5 9 5 4 6 5 4
internal_value=0 -0.0128304 -0.0387745 0.038461 0.028956 -0.0860118
internal_weight=0 8.05976 5.3527 2.70706 2.19939 3.15332
internal_count=38 33 22 11 9 13
is_linear=0
shrinkage=0.05


Tree=6
num_leaves=8
num_cat=0
split_feature=8 14 8 2 6 6 8
split_gain=3.72866 3.92472 5.26353 2.15541 1.95225 0.52773 0.00330482
threshold=28.000000000000004 1.0000000180025095e-35 418.50000000000006 1.0000000180025095e-35 762.50000000000011 556.00000000000011 180.00000000000003
decision_type=2 2 2 2 2 2 2
left_child=-1 2 5 4 -3 -2 -7
right_child=1 3 -4 -5 -6 6 -8
leaf_value=0.082533540380148776 -0.039512966199077321 0.048310778433224899 0.048974599261714852 0.08355029455652857 -0.050962909264962941 -0.080903630212401531 -0.086211377683638804
leaf_weight=1.1896976083517072 0.96082003414630923 0.9895024448633194 1.2173815369606016 1.2017671167850494 0.98920933902263641 1.6527606844902041 0.97396901249885548
leaf_count=5 4 4 5 5 4 7 4
internal_value=0 -0.0123097 -0.0408254 0.030767 -0.00131504 -0.0713058 -0.0829103
internal_weight=0 7.98541 4.80493 3.18048 1.97871 3.58755 2.62673
internal_count=38 33 20 13 8 15 11
is_linear=0
shrinkage=0.05


Tree=7
num_leaves=8
num_cat=0
split_feature=8 11 3 2 8 11 8
split_gain=3.43007 6.03881 2.53088 5.62882 0.581794 0.405802 0.00602356
threshold=28.000000000000004 135.50000000000003 1.0000000180025095e-35 1.0000000180025095e-35 131.50000000000003 1.0000000180025095e-35 65.000000000000014
decision_type=2 2 2 2 2 2 2
left_child=-1 2 -2 -4 6 -5 -3
right_child=1 4 3 5 -6 -7 -8
leaf_value=0.079964482370596349 0.085554449693224136 -0.078143553967117196 -0.063990377372306714 0.083902331119452098 -0.034287899459518136 0.037713619694309329 -0.084873728120461622
leaf_weight=1.1671270728111265 1.2122481465339658 1.1530177593231208 1.7025965750217438 0.96140898764133453 0.96344147622585286 0.94829785823822021 0.95960056781768788
leaf_count=5 5 5 7 4 4 4 4
internal_value=0 -0.0118263 0.0230763 0.0020872 -0.0665597 0.0610061 -0.0812473
internal_weight=0 7.90061 4.82455 3.6123 3.07606 1.90971 2.11262
internal_count=38 33 20 15 13 8 9
is_linear=0
shrinkage=0.05


Tree=8
num_leaves=7
num_cat=0
split_feature=0 6 9 2 3 9
split_gain=6.28723 4.99007 1.97626 0.900744 0.0104304 1.20597e-05
threshold=0.60416666666666685 392.00000000000006 13905.000000000002 1.0000000180025095e-35 1.0000000180025095e-35 7905.5000000000009
decision_type=2 2 2 2 2 2
left_child=1 -1 5 4 -3 -2
right_child=2 3 -4 -5 -6 -7
leaf_value=0.04008959950936343 0.077876005329167469 -0.078288855882996736 -0.0056756550779625131 -0.033785314039145913 -0.085998112919473971 0.081683243936417349
leaf_weight=1.6878688186407087 1.145464405417443 1.1508388966321947 0.95054070651531208 1.6211258918046954 1.2014131247997282 1.1840752363204954
leaf_count=7 5 5 4 7 5 5
internal_value=0 -0.0319133 0.055071 -0.0625046 -0.0822685 0.0798526
internal_weight=0 5.66125 3.28008 3.97338 2.35225 2.32954
internal_count=38 24 14 17 10 10
is_linear=0
shrinkage=0.05


Tree=9
num_leaves=8
num_cat=0
split_feature=0 14 9 9 14 5 5
split_gain=5.75722 4.65638 1.84796 0.592503 0.359004 0.00706451 0.00332279
threshold=0.60416666666666685 1.0000000180025095e-35 13905.000000000002 7905.5000000000009 -335852528.62249595 3413.5000000000005 5308.0000000000009
decision_type=2 2 2 2 2 2 2
left_child=1 4 6 -3 -1 -6 -2
right_child=2 3 -4 -5 5 -7 -8
leaf_value=-0.043961107041509045 0.079644551459538304 0.049970045232391236 -0.0053906921194812815 -0.0025649041719088424 -0.082294000755035721 -0.075479051841155054 0.074155697035300783
leaf_weight=1.1469279974699023 1.4005599766969687 1.2074342817068102 0.95079992711544026 0.96472509205341328 0.94672015309333835 1.3396467864513395 0.87901693582534779
leaf_count=5 6 5 4 4 4 6 4
internal_value=0 -0.0306376 0.053155 0.0266441 -0.0668777 -0.078343 0.0775687
internal_weight=0 5.60545 3.23038 2.17216 3.43329 2.28637 2.27958
internal_count=38 24 14 9 15 10 10
is_linear=0
shrinkage=0.05


Tree=10
num_leaves=6
num_cat=0
split_feature=4 9 4 13 4
split_gain=3.87129 1.91099 1.46188 1.38353 0.500924
threshold=-19344.268300264248 7905.5000000000009 -26785.005065439113 1.0000000180025095e-35 20038.644498846108
decision_type=2 2 2 2 2
left_child=2 4 -1 -3 -2
right_child=1 3 -4 -5 -6
leaf_value=-0.010073965316202877 0.07956183560436475 -0.033007735376174199 -0.077810375745743274 0.032383506045475206 0.031871592149135958
leaf_weight=1.596882686018944 1.3612003326416018 1.5744324773550036 1.589615538716316 1.6612438410520551 0.92931613326072682
leaf_count=7 6 7 7 7 4
internal_value=0 0.0253067 -0.0438829 0.000561987 0.0602412
internal_weight=0 5.52619 3.1865 3.23568 2.29052
internal_count=38 24 14 14 10
is_linear=0
shrinkage=0.05


Tree=11
num_leaves=7
num_cat=0
split_feature=0 7 7 10 10 8
split_gain=5.06119 1.63138 1.56559 1.4155 0.914296 0.0214871
threshold=0.60416666666666685 231.00000000000003 167.50000000000003 682.50000000000011 904.50000000000011 92.500000000000014
decision_type=2 2 2 2 2 2
left_child=1 2 -1 -2 -3 -4
right_child=3 4 5 -5 -6 -7
leaf_value=-0.0053048577926482418 0.0059278288003160517 0.02812811271237688 -0.073319449495956257 0.075699566513610927 -0.036520171474649692 -0.084363185159220977
leaf_weight=1.1384323090314867 1.1388785839080813 1.4066402614116671 1.0846792459487917 2.0109003931283951 0.89323683083057392 0.95129762589931477
leaf_count=5 5 6 5 9 4 4
internal_value=0 -0.0290542 -0.052281 0.0504856 0.00301045 -0.0785267
internal_weight=0 5.47429 3.17441 3.14978 2.29988 2.03598
internal_count=38 24 14 14 10 9
is_linear=0
shrinkage=0.05


Tree=12
num_leaves=7
num_cat=0
split_feature=0 4 9 9 4 9
split_gain=4.63959 3.8975 1.75303 0.51556 0.463184 0.00164908
threshold=0.60416666666666685 1.0000000180025095e-35 13905.000000000002 7905.5000000000009 -26785.005065439113 7905.5000000000009
decision_type=2 2 2 2 2 2
left_child=1 4 5 -3 -1 -2
right_child=2 3 -4 -5 -6 -7
leaf_value=-0.031418022501098215 0.071150018576767296 0.046435385538890074 -0.0082817849715774074 -0.0028445384927358185 -0.073752584335960783 0.075737974079835485
leaf_weight=0.89109233021736178 1.0435736775398261 1.1882904022932055 0.93769413232803334 0.95760723948478688 2.3811055570840836 1.1167874634265897
leaf_count=4 5 5 4 4 11 5
internal_value=0 -0.0279065 0.0487941 0.02445 -0.0622411 0.0735632
internal_weight=0 5.4181 3.09806 2.1459 3.2722 2.16036
internal_count=38 24 14 9 15 10
is_linear=0
shrinkage=0.05


Tree=13
num_leaves=7
num_cat=0
split_feature=1 13 6 5 5 3
split_gain=2.65717 3.22715 1.90144 2.06488 1.83148 0.483107
threshold=1.0000000180025095e-35 -15178631.969689915 762.50000000000011 31.500000000000004 5308.0000000000009 -8271.2047761266913
decision_type=2 2 2 2 2 2
left_child=1 4 3 -2 -1 -4
right_child=2 -3 5 -5 -6 -7
leaf_value=-0.071555641891815777 -0.048130823928271491 0.075120429401419733 -0.032686148270904915 0.03970989800472232 0.033526874991109956 -0.082551836226693612
leaf_weight=0.83408609032630943 1.1615693271160128 1.9837644547224043 0.83847375214099917 1.5746191143989561 0.82241778075695038 1.1633018255233762
leaf_count=4 5 9 4 7 4 5
internal_value=0 0.0321175 -0.0246807 0.00241212 -0.0193916 -0.0616987
internal_weight=0 3.64027 4.73796 2.73619 1.6565 2.00178
internal_count=38 17 21 12 8 9
is_linear=0
shrinkage=0.05


Tree=14
num_leaves=7
num_cat=0
split_feature=4 6 12 4 4 6
split_gain=3.21358 3.05387 2.99588 2.04682 0.0101039 0.00254991
threshold=-19344.268300264248 2256.5000000000005 3583.0000000000005 20038.644498846108 1.0000000180025095e-35 556.00000000000011
decision_type=2 2 2 2 2 2
left_child=2 3 5 4 -2 -1
right_child=1 -3 -4 -5 -6 -7
leaf_value=-0.075987826402925118 0.070980276977556767 -0.044669945518000652 0.036626357655789525 0.0016830547553254426 0.078408860751724541 -0.070889990035290756
leaf_weight=0.89510741829872209 1.2412556558847434 1.2454992383718488 0.87723925709724415 1.6224762648344038 1.1308070570230482 1.2413201481103895
leaf_count=4 6 6 4 7 5 6
internal_value=0 0.0236571 -0.0411328 0.0449702 0.0745601 -0.073068
internal_weight=0 5.24004 3.01367 3.99454 2.37206 2.13643
internal_count=38 24 14 18 11 10
is_linear=0
shrinkage=0.05


Tree=15
num_leaves=8
num_cat=0
split_feature=0 4 10 4 10 11 11
split_gain=3.81521 3.29022 1.25659 0.431017 0.394963 0.000585897 0.000323757
threshold=0.60416666666666685 1.0000000180025095e-35 682.50000000000011 -26785.005065439113 682.50000000000011 780.00000000000011 103.50000000000001
decision_type=2 2 2 2 2 2 2
left_child=1 3 -2 -1 -3 -5 -4
right_child=2 4 6 5 -6 -7 -8
leaf_value=-0.028384429021887449 0.0027900022840091679 0.042166328527046923 0.072335772626963793 -0.072179803312374405 -0.00144787139399709 -0.068359386781815815 0.068250632545030429
leaf_weight=0.85539004206657443 1.0819610357284548 1.1526492387056353 1.0632943660020826 1.0544793605804446 0.94283345341682423 1.1748371273279188 0.78383542597293843
leaf_count=4 5 5 5 5 4 6 4
internal_value=0 -0.0257897 0.0455962 -0.0586254 0.0225481 -0.0702051 0.0706487
internal_weight=0 5.18019 2.92909 3.08471 2.09548 2.22932 1.84713
internal_count=38 24 14 15 9 11 9
is_linear=0
shrinkage=0.05


Tree=16
num_leaves=6
num_cat=0
split_feature=4 4 13 13 1
split_gain=2.77869 1.04761 0.975345 1.22834 1.4448
threshold=-19344.268300264248 -26785.005065439113 -36399962.235478505 1.0000000180025095e-35 1.0000000180025095e-35
decision_type=2 2 2 2 2
left_child=1 -1 -2 -4 -5
right_child=2 -3 3 4 -6
leaf_value=-0.0097057017461598602 0.067523916375684098 -0.06995301764034545 -0.025250132413761145 0.071243933162740428 -0.0025714200952563085
leaf_weight=1.4771718233823778 0.96306172013282765 1.410950109362602 1.4565905481576917 1.2407129853963852 1.4213775396347046
leaf_count=7 5 7 7 6 6
internal_value=0 -0.0391571 0.0222518 0.0116486 0.0318435
internal_weight=0 2.88812 5.08174 4.11868 2.66209
internal_count=38 14 24 19 12
is_linear=0
shrinkage=0.05


Tree=17
num_leaves=7
num_cat=0
split_feature=7 7 14 5 14 6
split_gain=2.03252 2.21541 1.45599 1.15077 1.04555 0.00298645
threshold=132.50000000000003 231.00000000000003 -157308280.00781998 31.500000000000004 236737037.73931399 2256.5000000000005
decision_type=2 2 2 2 2 2
left_child=-1 3 -3 -2 -4 -5
right_child=1 2 4 5 -6 -7
leaf_value=0.053514142247273355 -0.010580866873772896 -0.033600270195716764 0.070568484060530109 -0.074871281903398632 0.0034655364215956542 -0.068872819902430812
leaf_weight=1.4462801963090894 1.4511238336563113 1.0254199355840685 1.1914145499467852 0.83052787184715249 1.1318976432085035 0.77417950332164764
leaf_count=7 7 5 6 4 5 4
internal_value=0 -0.0120903 0.0159975 -0.0428679 0.0378974 -0.0720321
internal_weight=0 6.40456 3.34873 3.05583 2.32331 1.60471
internal_count=38 31 16 15 11 8
is_linear=0
shrinkage=0.05


Tree=18
num_leaves=6
num_cat=0
split_feature=0 6 0 4 8
split_gain=3.16437 3.23481 0.944833 0.903849 0.00187309
threshold=0.60416666666666685 392.00000000000006 0.77083333333333359 -1.0000000180025095e-35 131.50000000000003
decision_type=2 2 2 2 2
left_child=1 -1 -2 4 -3
right_child=2 3 -4 -5 -6
leaf_value=0.034638276776968756 0.068421299641216293 -0.065371851049748436 0.0097834910596611511 -0.0086552585024468141 -0.069572554297816558
leaf_weight=1.5929978936910627 1.5589821338653567 1.254322946071625 1.2289356142282484 0.88985206186771426 1.2092925757169721
leaf_count=7 8 7 6 4 6
internal_value=0 -0.0240084 0.0425905 -0.0518721 -0.0674675
internal_weight=0 4.94647 2.78792 3.35347 2.46362
internal_count=38 24 14 17 13
is_linear=0
shrinkage=0.05


Tree=19
num_leaves=8
num_cat=0
split_feature=0 4 1 3 12 12 12
split_gain=2.91478 2.56848 1.19602 0.643071 0.411882 0.00282328 0.000627079
threshold=0.60416666666666685 1.0000000180025095e-35 1.0000000180025095e-35 9883.8085594623244 2247.0000000000005 2943.0000000000005 2001.5000000000002
decision_type=2 2 2 2 2 2 2
left_child=1 4 5 -3 6 -2 -1
right_child=2 3 -4 -5 -6 -7 -8
leaf_value=-0.067583975836872354 0.063907280535294972 -0.010702606353112348 -0.00062285462849684403 0.04569165043473386 -0.024144074906799609 0.069608880545614413 -0.063474751291184656
leaf_weight=1.3353717923164374 0.68341985344886791 0.93883919715881381 1.0497465580701828 1.0927433520555494 0.82073725759983052 1.0022977292537687 0.6718572825193404
leaf_count=7 4 4 5 5 4 5 4
internal_value=0 -0.0232439 0.0412696 0.0196346 -0.0540461 0.0673458 -0.0662485
internal_weight=0 4.85955 2.73546 2.03158 2.82797 1.68572 2.00723
internal_count=38 24 14 9 15 9 11
is_linear=0
shrinkage=0.05


Tree=20
num_leaves=8
num_cat=0
split_feature=1 6 6 14 5 3 5
split_gain=1.92466 1.75059 1.49227 1.81482 0.60543 0.486377 0.000134683
threshold=1.0000000180025095e-35 1440.0000000000002 762.50000000000011 -83207224.982781515 5308.0000000000009 -8271.2047761266913 640.00000000000011
decision_type=2 2 2 2 2 2 2
left_child=1 6 3 -2 -3 -4 -1
right_child=2 4 5 -5 -6 -7 -8
leaf_value=0.069941915196047824 -0.04027385954474804 -0.033697569247390306 -0.024388313233329795 0.044054727286026815 0.029105968334790351 -0.077483458663361787 0.065786199872648513
leaf_weight=0.80548118054866813 1.2380469888448713 0.90376406908035256 0.72051891684532154 1.3140005320310595 0.66515567898750305 1.0809340476989744 0.72915178537368774
leaf_count=4 6 5 4 6 4 5 4
internal_value=0 0.0300721 -0.0214524 0.00314217 -0.00706422 -0.05628 0.0680217
internal_weight=0 3.10355 4.3535 2.55205 1.56892 1.80145 1.53463
internal_count=38 17 21 12 9 9 8
is_linear=0
shrinkage=0.05


Tree=21
num_leaves=7
num_cat=0
split_feature=1 7 6 6 7 3
split_gain=1.7723 2.25801 1.65553 1.64708 2.59262 0.0172975
threshold=1.0000000180025095e-35 132.50000000000003 392.00000000000006 1440.0000000000002 292.50000000000006 1.0000000180025095e-35
decision_type=2 2 2 2 2 2
left_child=3 -2 -3 -1 -5 -4
right_child=1 2 5 4 -6 -7
leaf_value=0.066841343132739192 0.045150042342322699 0.0012347220957494246 -0.063642712493664766 -0.064636662866542502 0.065231243647277753 -0.074340753345708874
leaf_weight=1.4849842488765719 0.99810503423213948 1.3739377707242968 0.67001572251319874 0.86153331398963906 0.69195075333118439 1.2487376928329466
leaf_count=8 5 6 4 5 4 6
internal_value=0 -0.0206913 -0.0406607 0.029209 -0.00678022 -0.0706483
internal_weight=0 4.2908 3.29269 3.03847 1.55348 1.91875
internal_count=38 21 16 17 9 10
is_linear=0
shrinkage=0.05


Tree=22
num_leaves=7
num_cat=0
split_feature=0 9 9 0 9 8
split_gain=2.34991 1.51347 1.45739 0.85087 0.557151 0.00177888
threshold=0.60416666666666685 13905.000000000002 6609.5000000000009 0.31250000000000028 10887.000000000002 256.00000000000006
decision_type=2 2 2 2 2 2
left_child=2 5 -1 -4 -5 -2
right_child=1 -3 3 4 -6 -7
leaf_value=0.024858364952903767 0.061724729166561992 -0.017385324185930483 -0.065207773542082043 -0.041731543303897556 0.014146365287657529 0.066796947830357417
leaf_weight=1.245283246040344 0.61899515986442599 0.82092069089412678 1.5758469402790072 0.92360441386699654 0.86078077554702759 1.1098973155021665
leaf_count=6 4 4 9 5 4 6
internal_value=0 0.0384942 -0.0213246 -0.0384449 -0.0147793 0.0650265
internal_weight=0 2.54981 4.60552 3.36023 1.78439 1.72889
internal_count=38 14 24 18 9 10
is_linear=0
shrinkage=0.05


Tree=23
num_leaves=7
num_cat=0
split_feature=0 6 9 4 8 8
split_gain=2.16942 2.57449 1.43154 0.766148 0.00114322 0.00052941
threshold=0.60416666666666685 392.00000000000006 13905.000000000002 -1.0000000180025095e-35 256.00000000000006 131.50000000000003
decision_type=2 2 2 2 2 2
left_child=1 -1 4 5 -2 -3
right_child=2 3 -4 -5 -6 -7
leaf_value=0.032074626735792984 0.061012165861146321 -0.061683582923162499 -0.016491838533918553 -0.0076534322425075817 0.065719744596807669 -0.065265041631995521
leaf_weight=1.5350319296121595 0.59552066028118167 1.0705056339502337 0.82215316593646992 0.86133255064487491 1.0726475119590757 1.0712067782878874
leaf_count=7 4 7 4 4 6 6
internal_value=0 -0.0205815 0.0374849 -0.047502 0.0640858 -0.0635116
internal_weight=0 4.53808 2.49032 3.00304 1.66817 2.14171
internal_count=38 24 14 17 10 13
is_linear=0
shrinkage=0.05


Tree=24
num_leaves=7
num_cat=0
split_feature=0 13 2 5 11 11
split_gain=2.00671 1.96798 1.0244 0.531662 0.000725909 0.000237602
threshold=0.60416666666666685 1.0000000180025095e-35 1.0000000180025095e-35 640.00000000000011 780.00000000000011 780.00000000000011
decision_type=2 2 2 2 2 2
left_child=1 3 -2 -1 -4 -5
right_child=2 -3 4 5 -6 -7
leaf_value=-0.020586320581831921 -0.0029554600198662029 0.026997225513198359 0.064938744397709317 -0.065229078799991111 0.060349211063068876 -0.061300849791104055
leaf_weight=1.3699577301740649 0.98060411214828502 1.4860406219959257 0.87827150523662567 0.69964218139648415 0.57255323231220245 0.89745202660560608
leaf_count=7 5 7 5 4 4 6
internal_value=0 -0.0199533 0.0365149 -0.0434727 0.0631807 -0.0630709
internal_weight=0 4.45309 2.43143 2.96705 1.45082 1.59709
internal_count=38 24 14 17 9 10
is_linear=0
shrinkage=0.05


Tree=25
num_leaves=8
num_cat=0
split_feature=8 11 3 3 9 9 13
split_gain=1.61536 2.41982 1.43994 1.34524 1.04293 0.572286 0.0211141
threshold=28.000000000000004 135.50000000000003 1.0000000180025095e-35 9883.8085594623244 8705.0000000000018 7905.5000000000009 -15178631.969689915
decision_type=2 2 2 2 2 2 2
left_child=-1 2 -2 -4 -5 -3 -7
right_child=1 5 3 4 -6 6 -8
leaf_value=0.067084558574126388 0.06870958032456595 -0.0078119771901239117 -0.042971230712803621 0.068993469465396973 -0.01117824032602463 -0.060866986905384918 -0.07322479343108719
leaf_weight=0.7909453511238097 0.94909006357193026 0.58181811869144473 1.1852966696023943 0.77426028251647927 0.84985983371734619 1.0098314732313156 0.61858411133289304
leaf_count=5 5 3 6 4 5 7 3
internal_value=0 -0.00890997 0.0155017 -0.00249005 0.0270572 -0.050413 -0.065613
internal_weight=0 5.96874 3.75851 2.80942 1.62412 2.21023 1.62842
internal_count=38 33 20 15 9 13 10
is_linear=0
shrinkage=0.05


Tree=26
num_leaves=9
num_cat=0
split_feature=10 4 12 10 4 4 10 5
split_gain=1.74821 2.12768 2.05304 0.662145 1.09636 1.03455 0.343606 0.00371043
threshold=184.00000000000003 -19344.268300264248 3583.0000000000005 434.00000000000006 16103.890025903696 -9432.3855208118403 725.50000000000011 3413.5000000000005
decision_type=2 2 2 2 2 2 2 2
left_child=-1 2 7 -3 5 -5 -6 -2
right_child=1 3 -4 4 6 -7 -8 -9
leaf_value=-0.078769204825237721 -0.067644953035175009 0.065639300382287782 0.037821649631432412 0.029479017379616314 0.022568606870106464 -0.063331173151379136 0.069628723472010129 -0.061276919450702329
leaf_weight=0.63555581867694844 0.74036806821823142 1.0180280804634096 0.73220637440681446 0.59260722994804393 0.77756454050540902 0.60640637576580059 0.77743102610111237 0.73571932315826416
leaf_count=3 4 6 4 4 4 4 4 5
internal_value=0 0.00838281 -0.0305839 0.0312 0.018445 -0.0174679 0.0461349 -0.064525
internal_weight=0 5.98033 2.20829 3.77204 2.75401 1.19901 1.555 1.47609
internal_count=38 35 13 22 16 8 8 9
is_linear=0
shrinkage=0.05


Tree=27
num_leaves=7
num_cat=0
split_feature=0 6 0 5 12 12
split_gain=1.73598 2.18358 2.00118 0.342976 0.00257224 0.000515778
threshold=0.60416666666666685 392.00000000000006 0.81250000000000033 640.00000000000011 2943.0000000000005 2943.0000000000005
decision_type=2 2 2 2 2 2
left_child=1 -1 5 -3 -5 -2
right_child=2 3 -4 4 -6 -7
leaf_value=0.029990844705279653 0.059875111434582087 -0.026284579764229016 -0.045944975906038618 -0.059857366794291017 -0.065741145995665357 0.063903443485265901
leaf_weight=1.4675101488828657 0.68675410747528109 1.2404658794403078 0.5686499923467635 0.9430858716368673 0.52873310446739197 1.0143560320138929
leaf_count=7 5 7 3 7 3 6
internal_value=0 -0.0191218 0.0351846 -0.0456994 -0.0620246 0.0623221
internal_weight=0 4.1798 2.26976 2.71228 1.47182 1.70111
internal_count=38 24 14 17 10 11
is_linear=0
shrinkage=0.05


Tree=28
num_leaves=7
num_cat=0
split_feature=8 7 1 6 6 7
split_gain=1.40645 1.62765 1.73859 1.63026 0.633997 0.00251335
threshold=28.000000000000004 132.50000000000003 1.0000000180025095e-35 1440.0000000000002 392.00000000000006 215.50000000000003
decision_type=2 2 2 2 2 2
left_child=-1 -2 3 -3 -4 -6
right_child=1 2 4 -5 5 -7
leaf_value=0.065159607466880862 0.047392101428571504 0.062074859805331596 -0.017004119237486983 -0.03261320246239318 -0.069596363219936383 -0.064062781769887944
leaf_weight=0.73092183470726002 1.0535721182823179 0.9379962086677549 1.0718262791633608 0.87995731830596924 0.70371193438768365 0.9350532665848732
leaf_count=5 6 6 5 6 4 6
internal_value=0 -0.00854967 -0.0215749 0.0162455 -0.04694 -0.0664895
internal_weight=0 5.58212 4.52855 1.81795 2.71059 1.63877
internal_count=38 33 27 12 15 10
is_linear=0
shrinkage=0.05


Tree=29
num_leaves=7
num_cat=0
split_feature=10 0 6 2 10 0
split_gain=1.54753 1.65372 2.86897 0.615694 0.370642 0.00779516
threshold=184.00000000000003 0.60416666666666685 392.00000000000006 1.0000000180025095e-35 682.50000000000011 0.31250000000000028
decision_type=2 2 2 2 2 2
left_child=-1 2 -2 5 -3 -4
right_child=1 4 3 -5 -6 -7
leaf_value=-0.075932732734558847 0.051714857019294382 0.013730946747900506 -0.060020266723290361 -0.013810916403024022 0.060970877538599436 -0.068539779289579064
leaf_weight=0.6041029393672942 1.2024076133966448 0.61136235296726216 0.67124928534030914 1.0576346069574356 1.3017633184790609 0.71624445915222168
leaf_count=3 6 4 5 7 9 4
internal_value=0 0.00825881 -0.0114873 -0.0425802 0.0458959 -0.0644754
internal_weight=0 5.56066 3.64754 2.44513 1.91313 1.38749
internal_count=38 35 22 16 13 9
is_linear=0
shrinkage=0.05


Tree=30
num_leaves=6
num_cat=0
split_feature=0 0 4 3 7
split_gain=1.37203 1.75837 1.53194 0.51366 0.388075
threshold=0.60416666666666685 0.81250000000000033 1.0000000180025095e-35 9883.8085594623244 256.50000000000006
decision_type=2 2 2 2 2
left_child=2 -2 4 -4 -1
right_child=1 -3 3 -5 -6
leaf_value=-0.060212629821692391 0.060399956002825932 -0.044224045293888722 -0.011038171053780263 0.042136185629804437 -0.014076528626165458
leaf_weight=1.4762061089277274 1.5284991189837458 0.54357121884822834 0.87687940895557381 0.93975548446178436 0.66115622222423542
leaf_count=11 11 3 4 5 4
internal_value=0 0.0329406 -0.0172766 0.0164733 -0.0459599
internal_weight=0 2.07207 3.954 1.81663 2.13736
internal_count=38 14 24 9 15
is_linear=0
shrinkage=0.05


Tree=31
num_leaves=6
num_cat=0
split_feature=10 0 6 13 10
split_gain=1.39559 1.43199 2.59424 0.60966 0.356005
threshold=184.00000000000003 0.60416666666666685 392.00000000000006 1.0000000180025095e-35 682.50000000000011
decision_type=2 2 2 2 2
left_child=-1 2 -2 -4 -3
right_child=1 4 3 -5 -6
leaf_value=-0.073689005648561054 0.050138146274347498 0.012356193775933465 -0.059359622632777914 -0.0055654226146280511 0.059782267535406212
leaf_weight=0.57833008468151081 1.1720025837421419 0.58930973708629597 1.5391500592231753 0.80133089423179615 1.2107875645160673
leaf_count=3 6 4 12 4 9
internal_value=0 0.00802972 -0.0105526 -0.0409566 0.044278
internal_weight=0 5.31258 3.51248 2.34048 1.8001
internal_count=38 35 22 16 13
is_linear=0
shrinkage=0.05


Tree=32
num_leaves=8
num_cat=0
split_feature=1 13 11 11 5 13 5
split_gain=1.16298 1.44557 0.738795 1.45713 0.625004 0.513581 0.000476545
threshold=1.0000000180025095e-35 -15178631.969689915 19.000000000000004 135.50000000000003 5308.0000000000009 -15178631.969689915 640.00000000000011
decision_type=2 2 2 2 2 2 2
left_child=1 4 -2 -4 -1 -5 -3
right_child=2 6 3 5 -6 -7 -8
leaf_value=-0.058792751950439287 -0.048589483527519274 0.063562591519408199 0.064091500270832116 -0.060408982930911126 0.022580629635851099 -0.0027006340373723989 0.059024724560343689
leaf_weight=0.48472972959280047 1.2649145275354388 0.79485280811786629 0.62272323668003116 0.64519657194614444 0.45776224881410599 0.95669245719909612 0.51921471953392029
leaf_count=4 7 5 4 5 4 5 4
internal_value=0 0.0279543 -0.0180973 -0.000739986 -0.0192808 -0.025975 0.0618272
internal_weight=0 2.25656 3.48953 2.22461 0.942492 1.60189 1.31407
internal_count=38 17 21 14 8 10 9
is_linear=0
shrinkage=0.05


Tree=33
num_leaves=6
num_cat=0
split_feature=4 13 2 8 13
split_gain=1.17822 0.577141 0.576557 0.734859 0.574201
threshold=-19344.268300264248 -15178631.969689915 1.0000000180025095e-35 131.50000000000003 -1.0000000180025095e-35
decision_type=2 2 2 2 2
left_child=1 -1 3 -2 -4
right_child=2 -3 4 -5 -6
leaf_value=-0.060206572999493592 -0.037052960132865638 -0.0059456473354981701 0.00098103330073698726 0.024531353984385114 0.06181754934236533
leaf_weight=0.91368885338306416 0.83222471177577984 1.0569294467568395 0.62535459548234906 1.1557359397411344 1.0216116383671763
leaf_count=7 4 7 6 7 7
internal_value=0 -0.0311281 0.0168719 -0.00125169 0.0387393
internal_weight=0 1.97062 3.63493 1.98796 1.64697
internal_count=38 14 24 11 13
is_linear=0
shrinkage=0.05


Tree=34
num_leaves=6
num_cat=0
split_feature=4 6 4 13 13
split_gain=1.0841 1.06773 1.1062 0.558428 0.0027759
threshold=-19344.268300264248 2256.5000000000005 20038.644498846108 -15178631.969689915 -1.0000000180025095e-35
decision_type=2 2 2 2 2
left_child=3 2 4 -1 -2
right_child=1 -3 -4 -5 -6
leaf_value=-0.059619442632686363 0.057105418260345292 -0.035708736475909768 -0.001918087825672853 -0.0056521294367583904 0.063041509285545291
leaf_weight=0.87748005986213673 0.55027262121438991 0.77334091812372197 1.3546115830540655 1.056299179792404 0.90494713932275828
leaf_count=7 5 6 7 7 6
internal_value=0 0.0162771 0.0305965 -0.0301651 0.0608478
internal_weight=0 3.58317 2.80983 1.93378 1.45522
internal_count=38 24 18 14 11
is_linear=0
shrinkage=0.05


Tree=35
num_leaves=7
num_cat=0
split_feature=10 8 13 8 6 6
split_gain=1.22009 1.249 1.52782 1.45146 0.933243 0.00488624
threshold=184.00000000000003 33.500000000000007 -1.0000000180025095e-35 418.50000000000006 1244.0000000000002 762.50000000000011
decision_type=2 2 2 2 2 2
left_child=-1 -2 3 5 -4 -3
right_child=1 2 4 -5 -6 -7
leaf_value=-0.070661065934951903 0.06188047986471204 -0.065012252589061639 0.066821517765712254 0.031987389733836247 -0.0034248784908922736 -0.057728905209834008
leaf_weight=0.54786531627178181 0.87903238832950581 0.48072356730699561 0.86304120719432864 0.59998504817485798 1.043345049023628 0.9989529475569725
leaf_count=3 7 3 5 5 6 9
internal_value=0 0.00797159 -0.00392841 -0.0335595 0.0283921 -0.0601477
internal_weight=0 4.86508 3.98605 2.07966 1.90639 1.47968
internal_count=38 35 28 17 11 12
is_linear=0
shrinkage=0.05


Tree=36
num_leaves=7
num_cat=0
split_feature=10 4 13 10 4 3
split_gain=1.13775 1.31044 0.608368 0.497382 0.738684 0.175264
threshold=184.00000000000003 -19344.268300264248 -15178631.969689915 434.00000000000006 16103.890025903696 1.0000000180025095e-35
decision_type=2 2 2 2 2 2
left_child=-1 2 -2 -3 -5 -6
right_child=1 3 -4 4 5 -7
leaf_value=-0.069331247851325897 -0.058539655250512607 0.061403057265998151 0.00088828596010059608 -0.019295055930672784 0.064235515113081912 0.025831753372551405
leaf_weight=0.53090647608041752 0.80756323039531708 0.80264684557914767 0.92058771848678567 0.9028885513544086 0.46258343011140801 0.83856008946895599
leaf_count=3 7 6 6 8 3 5
internal_value=0 0.00778592 -0.0268969 0.027726 0.0154333 0.0395346
internal_weight=0 4.73483 1.72815 3.00668 2.20403 1.30114
internal_count=38 35 13 22 16 8
is_linear=0
shrinkage=0.05


Tree=37
num_leaves=7
num_cat=0
split_feature=7 7 12 6 12 6
split_gain=1.00734 1.31119 1.01153 0.504395 0.750492 0.0127643
threshold=132.50000000000003 231.00000000000003 2943.0000000000005 392.00000000000006 2247.0000000000005 1440.0000000000002
decision_type=2 2 2 2 2 2
left_child=-1 2 5 -3 -5 -2
right_child=1 3 -4 4 -6 -7
leaf_value=0.046410572303226566 -0.066794864411573188 0.038501054312151547 0.017529723074876939 0.02407406542260904 -0.061549073223098008 -0.056417130199527481
leaf_weight=0.95200878381729115 0.82630362361669518 1.1607788503170016 0.54572248458862294 0.66185508668422677 0.41569942981004715 0.59468120336532593
leaf_count=7 5 7 4 6 3 6
internal_value=0 -0.010519 -0.0402951 0.0156468 -0.0089787 -0.062505
internal_weight=0 4.20504 1.96671 2.23833 1.07755 1.42098
internal_count=38 31 15 16 9 11
is_linear=0
shrinkage=0.05


Tree=38
num_leaves=7
num_cat=0
split_feature=1 9 6 9 6 9
split_gain=0.934532 0.920664 0.696075 0.805968 0.662318 0.793245
threshold=1.0000000180025095e-35 13905.000000000002 1440.0000000000002 7905.5000000000009 762.50000000000011 6609.5000000000009
decision_type=2 2 2 2 2 2
left_child=2 4 -1 -4 5 -2
right_child=1 -3 3 -5 -6 -7
leaf_value=0.058294935360905853 0.063092887502080419 -0.063763084339592754 0.036216197436036685 -0.056492263928384218 -0.039497167563844915 -0.0098335733409267417
leaf_weight=0.93742746859788872 0.5901706665754326 0.7812657207250594 0.56470999866724014 0.39916931837797165 0.76224976778030384 1.0085101425647733
leaf_count=8 4 5 5 4 6 6
internal_value=0 -0.0167557 0.0276443 -0.00218858 -0.00117409 0.0171075
internal_weight=0 3.1422 1.90131 0.963879 2.36093 1.59868
internal_count=38 21 17 9 16 10
is_linear=0
shrinkage=0.05


Tree=39
num_leaves=8
num_cat=0
split_feature=10 8 14 8 6 8 3
split_gain=1.01507 1.08734 1.17941 1.04227 0.577511 0.0869215 0.00390981
threshold=184.00000000000003 33.500000000000007 -1.0000000180025095e-35 418.50000000000006 1244.0000000000002 180.00000000000003 -8271.2047761266913
decision_type=2 2 2 2 2 2 2
left_child=-1 -2 3 5 -4 6 -3
right_child=1 2 4 -5 -6 -7 -8
leaf_value=-0.067914404744557538 0.060773731382719812 -0.054871224071981708 0.064992382783215077 0.030296443729026085 0.0029005773512185071 -0.034168206458157394 -0.062685386937052279
leaf_weight=0.49388903379440297 0.78835996240377415 0.49182770401239406 0.65277466922998451 0.55770683288574208 0.87740038335323334 0.59158121049404144 0.46303448081016552
leaf_count=3 7 6 4 5 5 5 3
internal_value=0 0.00758637 -0.00396359 -0.0282493 0.0294224 -0.0493754 -0.0587375
internal_weight=0 4.42269 3.63433 2.10415 1.53018 1.54644 0.954862
internal_count=38 35 28 19 9 14 9
is_linear=0
shrinkage=0.05


Tree=40
num_leaves=8
num_cat=0
split_feature=10 4 7 7 5 4 4
split_gain=0.948741 1.05808 0.840886 1.94496 0.539823 0.111444 0.00794791
threshold=184.00000000000003 -19344.268300264248 231.00000000000003 167.50000000000003 640.00000000000011 -16862.831265822719 23010.028408373637
decision_type=2 2 2 2 2 2 2
left_child=-1 4 3 5 -2 -3 -4
right_child=1 2 6 -5 -6 -7 -8
leaf_value=-0.066811850286187177 0.0014257605281827795 0.027920403853868566 0.055598636258209877 -0.064148274000721914 -0.057203312022226227 0.061727243577424554 0.065180166687972926
leaf_weight=0.47737455368041981 0.86676409095525719 0.43283985555171922 0.54814656823873498 0.64243162423372258 0.71610487997531891 0.57031328231096334 0.53644867241382599
leaf_count=3 6 4 6 5 7 4 3
internal_value=0 0.00739647 0.0262509 0.00370814 -0.0251144 0.0471956 0.0604071
internal_weight=0 4.31305 2.73018 1.64558 1.58287 1.00315 1.0846
internal_count=38 35 22 13 13 8 9
is_linear=0
shrinkage=0.05


Tree=41
num_leaves=7
num_cat=0
split_feature=7 12 7 2 5 5
split_gain=0.830696 1.13009 0.997553 1.01438 0.890003 0.00593505
threshold=132.50000000000003 2943.0000000000005 231.00000000000003 1.0000000180025095e-35 640.00000000000011 3413.5000000000005
decision_type=2 2 2 2 2 2
left_child=-1 2 5 -4 -3 -2
right_child=1 4 3 -5 -6 -7
leaf_value=0.044481398533835675 -0.063428445876607328 0.063774068246667842 -0.035019759486683996 0.05763601971307053 -0.019575338480865206 -0.054922573849297343
leaf_weight=0.85491417348384846 0.86622833460569448 0.73842947930097558 0.72921752929687478 0.49489901959896088 0.5640040710568428 0.40363799780607224
leaf_count=7 6 5 5 5 5 5
internal_value=0 -0.0100431 -0.0297543 0.00245113 0.0276878 -0.0607816
internal_weight=0 3.79642 2.49398 1.22412 1.30243 1.26987
internal_count=38 31 21 10 10 11
is_linear=0
shrinkage=0.05


Tree=42
num_leaves=8
num_cat=0
split_feature=12 9 5 3 3 9 13
split_gain=0.75272 1.46337 0.893579 0.751157 0.565779 0.287181 0.0799784
threshold=2943.0000000000005 8705.0000000000018 640.00000000000011 9883.8085594623244 -20036.603020782215 7905.5000000000009 -249310.2518640752
decision_type=2 2 2 2 2 2 2
left_child=1 3 -2 4 5 -1 -3
right_child=2 6 -4 -5 -6 -7 -8
leaf_value=0.05509303030776791 0.062505298880850158 -0.036638908937235697 -0.018661238559143714 0.062095130791017673 -0.046225919056402678 -0.0082899863274391982 -0.063229817119824283
leaf_weight=0.34224055707454648 0.85140176862478234 0.43305711448192596 0.56215239316225052 0.57951838523149479 0.52412731200456675 0.37176687270402908 0.86081233620643594
leaf_count=4 6 5 5 4 4 4 6
internal_value=0 -0.0137554 0.0302308 0.01517 -0.00682235 0.0221169 -0.0543754
internal_weight=0 3.11152 1.41355 1.81765 1.23813 0.714007 1.29387
internal_count=38 27 11 16 12 8 11
is_linear=0
shrinkage=0.05


Tree=43
num_leaves=7
num_cat=0
split_feature=2 13 9 12 9 5
split_gain=0.770912 0.900849 0.725663 0.825099 1.03281 0.381177
threshold=1.0000000180025095e-35 -15178631.969689915 13905.000000000002 2943.0000000000005 6609.5000000000009 5308.0000000000009
decision_type=2 2 2 2 2 2
left_child=2 5 3 4 -1 -2
right_child=1 -3 -4 -5 -6 -7
leaf_value=0.022494329109484464 -0.05521266863058151 0.057741423352713407 -0.060987021347697262 0.048658806316337837 -0.060408222967504269 0.020688591291651126
leaf_weight=0.71313893795013494 0.33500675857067108 0.97457112371921517 0.67773098498582829 0.58828983455896366 0.79155834764242172 0.3246309906244278
leaf_count=5 4 9 5 4 7 4
internal_value=0 0.0272231 -0.0160649 -0.00149003 -0.0211237 -0.0178736
internal_weight=0 1.63421 2.77072 2.09299 1.5047 0.659638
internal_count=38 17 21 16 12 8
is_linear=0
shrinkage=0.05


Tree=44
num_leaves=7
num_cat=0
split_feature=4 4 0 7 7 3
split_gain=0.890049 1.08634 0.513539 0.354354 0.958382 0.21395
threshold=27752.919419349237 -19344.268300264248 0.31250000000000028 132.50000000000003 231.00000000000003 15890.796731613133
decision_type=2 2 2 2 2 2
left_child=1 2 -1 -3 -5 -6
right_child=-2 3 -4 4 5 -7
leaf_value=-0.056149335361383758 -0.069990258112342829 0.058633940139178969 0.002576709816247033 -0.036307759811545263 0.05986059804242419 0.014345448272605841
leaf_weight=0.72521085292100929 0.4096180498600005 0.68785574287176166 0.76293987035751343 0.57502289116382588 0.70269875228404977 0.41006859391927719
leaf_count=8 2 6 6 6 6 4
internal_value=0 0.00742641 -0.0260564 0.0284067 0.0160523 0.0431263
internal_weight=0 3.8638 1.48815 2.37565 1.68779 1.11277
internal_count=38 36 14 22 16 10
is_linear=0
shrinkage=0.05


Tree=45
num_leaves=8
num_cat=0
split_feature=4 4 11 14 0 3 14
split_gain=0.829476 1.00907 0.689714 0.566954 0.494005 0.303177 0.110211
threshold=27752.919419349237 -19344.268300264248 222.00000000000003 111041634.8766057 0.31250000000000028 -20036.603020782215 1.0000000180025095e-35
decision_type=2 2 2 2 2 2 2
left_child=1 4 6 5 -1 -4 -3
right_child=-2 2 3 -5 -6 -7 -8
leaf_value=-0.055809703514108792 -0.068622778822167135 0.027284248731348305 -0.010607439773839406 -0.061213288906129038 0.0024479376612088054 0.057929326057867242 0.059389244367394504
leaf_weight=0.69394020736217521 0.39722777903079975 0.3721280023455622 0.34291601181030273 0.30292689800262451 0.76297691464424133 0.30289681255817402 0.98707408457994461
leaf_count=8 2 4 5 2 6 3 8
internal_value=0 0.0072495 0.0278128 -0.00489483 -0.0253158 0.0215678 0.050635
internal_weight=0 3.76486 2.30794 0.94874 1.45692 0.645813 1.3592
internal_count=38 36 22 10 14 8 12
is_linear=0
shrinkage=0.05


Tree=46
num_leaves=7
num_cat=0
split_feature=8 9 8 6 2 6
split_gain=0.778058 0.62575 0.928558 0.345474 0.441353 0.231537
threshold=28.000000000000004 12574.500000000002 65.000000000000014 392.00000000000006 1.0000000180025095e-35 556.00000000000011
decision_type=2 2 2 2 2 2
left_child=-1 2 -2 -4 -5 -3
right_child=1 5 3 4 -6 -7
leaf_value=0.059881852764258718 -0.046678746034213112 -0.010686604340009962 0.061344096776229984 -0.015531316720328467 0.040599245808246587 -0.058026170450438896
leaf_weight=0.47719878703355778 0.62807873636484224 0.42395776510238625 0.4560854285955428 0.73251468688249566 0.66892580687999725 0.66430184990167618
leaf_count=5 7 4 3 7 6 6
internal_value=0 -0.00802163 0.00582145 0.023595 0.0112652 -0.0396214
internal_weight=0 3.57386 2.4856 1.85753 1.40144 1.08826
internal_count=38 33 23 16 13 10
is_linear=0
shrinkage=0.05


Tree=47
num_leaves=8
num_cat=0
split_feature=12 9 3 3 9 9 13
split_gain=0.649336 1.12413 0.608444 0.484294 0.390814 0.2491 0.062014
threshold=2943.0000000000005 8705.0000000000018 9883.8085594623244 -20036.603020782215 13905.000000000002 7905.5000000000009 -249310.2518640752
decision_type=2 2 2 2 2 2 2
left_child=1 2 3 5 -2 -1 -3
right_child=4 6 -4 -5 -6 -7 -8
leaf_value=0.054284832247197969 0.049806018657832338 -0.035147058485257378 0.059234232841402126 -0.045497578377683354 -0.0092126589331437206 -0.0088717955250813534 -0.060548698340672072
leaf_weight=0.2988564968109132 0.82572982460260369 0.36581562459468842 0.49356555938720692 0.47537586838007029 0.42371218651533127 0.3246377632021904 0.74857075512409188
leaf_count=4 7 5 4 4 4 4 6
internal_value=0 -0.0137672 0.0131828 -0.00753227 0.0297941 0.0214291 -0.052261
internal_weight=0 2.70682 1.59244 1.09887 1.24944 0.623494 1.11439
internal_count=38 27 16 12 11 8 11
is_linear=0
shrinkage=0.05


Tree=48
num_leaves=6
num_cat=0
split_feature=0 0 13 5 7
split_gain=0.667072 0.911971 0.70088 0.44896 0.545701
threshold=0.60416666666666685 0.81250000000000033 -15178631.969689915 82.000000000000014 231.00000000000003
decision_type=2 2 2 2 2
left_child=2 -2 -1 4 -4
right_child=1 -3 3 -5 -6
leaf_value=-0.054891741654431052 0.055352494881821049 -0.038252422904071007 -0.0602801192772357 0.034823887044343416 0.010775658254790191
leaf_weight=0.76297600567340884 0.93247345089912392 0.35975639522075653 0.44098893925547622 0.6657455340027808 0.69390206784009933
leaf_count=10 11 3 4 5 5
internal_value=0 0.0292758 -0.0147661 0.00225452 -0.0168588
internal_weight=0 1.29223 2.56361 1.80064 1.13489
internal_count=38 14 24 14 9
is_linear=0
shrinkage=0.05


Tree=49
num_leaves=7
num_cat=0
split_feature=1 6 10 6 7 7
split_gain=0.609339 0.551552 0.59485 0.487024 0.837355 0.163365
threshold=1.0000000180025095e-35 762.50000000000011 293.00000000000006 1440.0000000000002 292.50000000000006 167.50000000000003
decision_type=2 2 2 2 2 2
left_child=3 2 -2 -1 -5 -3
right_child=1 5 -4 4 -6 -7
leaf_value=0.055631429505587748 -0.03321058419243169 -0.016827605066209214 0.032199132237467648 -0.054500673364680778 0.055580749624281937 -0.060537128926034828
leaf_weight=0.69894431531429313 0.60647259652614616 0.33191251009702671 0.81111408025026321 0.37174764648079872 0.32077789306640625 0.60844048485159874
leaf_count=8 5 4 7 5 4 5
internal_value=0 -0.0154884 0.0042053 0.0262208 -0.00349106 -0.0451562
internal_weight=0 2.35794 1.41759 1.39147 0.692526 0.940353
internal_count=38 21 12 17 9 9
is_linear=0
shrinkage=0.05


Tree=50
num_leaves=7
num_cat=0
split_feature=2 13 6 11 13 3
split_gain=0.570704 0.708186 0.514666 0.621136 0.258678 0.133661
threshold=1.0000000180025095e-35 -15178631.969689915 762.50000000000011 19.000000000000004 -85431768.679183871 -1.0000000180025095e-35
decision_type=2 2 2 2 2 2
left_child=2 4 3 -1 -2 -4
right_child=1 -3 5 -5 -6 -7
leaf_value=-0.033089883299984697 0.015870133109392375 0.055821486118313848 -0.021713405132670189 0.033810953844225049 -0.053732675016480297 -0.060515953469349265
leaf_weight=0.62399106472730659 0.26874544471502304 0.79869171231985114 0.38724406436085701 0.77855513989925385 0.26311316341161728 0.5274800807237624
leaf_count=5 4 9 5 7 4 4
internal_value=0 0.0260813 -0.0149898 0.00403802 -0.0185862 -0.0441445
internal_weight=0 1.33055 2.31727 1.40255 0.531859 0.914724
internal_count=38 17 21 12 8 9
is_linear=0
shrinkage=0.05


Tree=51
num_leaves=8
num_cat=0
split_feature=7 7 12 8 12 12 8
split_gain=0.564387 0.781473 0.547509 0.365054 0.56719 0.537866 0.000898453
threshold=132.50000000000003 231.00000000000003 2943.0000000000005 28.000000000000004 541.00000000000011 2943.0000000000005 131.50000000000003
decision_type=2 2 2 2 2 2 2
left_child=-1 2 6 -3 -5 -6 -2
right_child=1 3 -4 4 5 -7 -8
leaf_value=0.042017159857574503 -0.053944799256677202 0.058968657925804406 0.013541085530861204 0.058114926016571714 -0.059306836412942855 0.018501163418441834 -0.059419302186199667
leaf_weight=0.65150599926710162 0.37257394939661048 0.35618171840906132 0.37817051261663437 0.32249697297811486 0.42970598489046097 0.45743723213672638 0.59208033978939056
leaf_count=7 6 4 4 3 4 5 5
internal_value=0 -0.0094314 -0.0374043 0.0145616 0.00143679 -0.0192037 -0.0573779
internal_weight=0 2.90865 1.34282 1.56582 1.20964 0.887143 0.964654
internal_count=38 31 15 16 12 9 11
is_linear=0
shrinkage=0.05


Tree=52
num_leaves=7
num_cat=0
split_feature=7 7 8 8 13 13
split_gain=0.523099 0.729772 0.483529 0.345873 0.499574 0.00105187
threshold=132.50000000000003 231.00000000000003 380.00000000000006 28.000000000000004 1.0000000180025095e-35 1.0000000180025095e-35
decision_type=2 2 2 2 2 2
left_child=-1 2 5 -3 -5 -2
right_child=1 3 -4 4 -6 -7
leaf_value=0.040892704556456792 -0.055543676682781998 0.058488269517518968 0.0074874348038475843 -0.030445839826698753 0.034651117598260124 -0.061585667139164073
leaf_weight=0.63637094944715533 0.57737272977829002 0.34153167158365239 0.41868840157985687 0.60125796124339081 0.57596287876367569 0.30466857552528381
leaf_count=7 8 4 5 6 6 2
internal_value=0 -0.00925807 -0.0367317 0.0142755 0.00139847 -0.0577148
internal_weight=0 2.81948 1.30073 1.51875 1.17722 0.882041
internal_count=38 31 15 16 12 10
is_linear=0
shrinkage=0.05


Tree=53
num_leaves=7
num_cat=0
split_feature=1 13 9 11 13 13
split_gain=0.496028 0.637222 0.520737 0.440246 0.343274 0.2181
threshold=1.0000000180025095e-35 -15178631.969689915 13905.000000000002 19.000000000000004 -15178631.969689915 -85431768.679183871
decision_type=2 2 2 2 2 2
left_child=1 5 3 -2 -5 -1
right_child=2 -3 -4 4 -6 -7
leaf_value=0.013765536118306949 -0.033076224625090467 0.055146648411799427 -0.057694956091029592 -0.016741837279660048 0.043214301517762399 -0.053297635422805106
leaf_weight=0.24825773015618324 0.63387770205736194 0.72712224721908592 0.52389577031135548 0.38767807558178924 0.61764881759881929 0.23490164801478386
leaf_count=4 5 9 5 6 5 4
internal_value=0 0.0256015 -0.0143569 -0.000471094 0.0200921 -0.0188682
internal_weight=0 1.21028 2.1631 1.6392 1.00533 0.483159
internal_count=38 17 21 16 11 8
is_linear=0
shrinkage=0.05


Tree=54
num_leaves=7
num_cat=0
split_feature=4 4 11 0 5 4
split_gain=0.550976 0.809182 0.494229 0.346063 0.203483 0.0420654
threshold=27752.919419349237 -19344.268300264248 222.00000000000003 0.31250000000000028 7892.5000000000009 16103.890025903696
decision_type=2 2 2 2 2 2
left_child=1 3 5 -1 -4 -3
right_child=-2 2 4 -5 -6 -7
leaf_value=-0.054434483649282328 -0.062251481971554362 0.037148245602289569 -0.034738716775933078 -2.1518361735548179e-05 0.019031820352961037 0.05747825885111843
leaf_weight=0.54978300258517332 0.319824919104576 0.44790905714035012 0.31171847879886616 0.62297394126653671 0.40091332793235779 0.63340166956186295
leaf_count=8 2 6 5 6 5 6
internal_value=0 0.0067137 0.0278227 -0.0255647 -0.0044935 0.0491115
internal_weight=0 2.9667 1.79394 1.17276 0.712632 1.08131
internal_count=38 36 22 14 10 12
is_linear=0
shrinkage=0.05


Tree=55
num_leaves=7
num_cat=0
split_feature=1 13 9 11 14 9
split_gain=0.450648 0.583425 0.489391 0.392119 0.505289 0.0464089
threshold=1.0000000180025095e-35 -15178631.969689915 13905.000000000002 19.000000000000004 -83207224.982781515 7905.5000000000009
decision_type=2 2 2 2 2 2
left_child=1 5 3 -2 -5 -1
right_child=2 -3 -4 4 -6 -7
leaf_value=0.0008418113902204119 -0.031709089532972974 0.054684396991798029 -0.057233306938980634 -0.015900107645191258 0.0564038346876133 -0.031336266072121935
leaf_weight=0.18909437209367752 0.60739371180534385 0.67823987454175971 0.49494672939181317 0.49215957149863276 0.47262293100357022 0.27188617736101151
leaf_count=3 5 9 5 6 5 5
internal_value=0 0.0252166 -0.0139332 -0.000265595 0.0195347 -0.0181474
internal_weight=0 1.13922 2.06712 1.57218 0.964783 0.460981
internal_count=38 17 21 16 11 8
is_linear=0
shrinkage=0.05


end of trees

feature_importances:
day_sin=35
ClothesWasher_midnight=34
AirConditioner_midnight=31
Microwave_daytime=31
day_sin_*_AirConditioner_daytime=29
age=26
ClothesWasher_daytime=26
day_cos=23
AirConditioner_daytime=20
RiceCooker_midnight=19
TV_daytime=17
IH_daytime=17
edu_0=13
day_sin_*_Microwave_daytime=12
edu_1=11

parameters:
[boosting: gbdt]
[objective: binary]
[metric: roc_auc]
[tree_learner: serial]
[device_type: cpu]
[data_sample_strategy: bagging]
[data: ]
[valid: ]
[num_iterations: 10000]
[learning_rate: 0.05]
[num_leaves: 23]
[num_threads: 0]
[seed: 0]
[deterministic: 0]
[force_col_wise: 0]
[force_row_wise: 0]
[histogram_pool_size: -1]
[max_depth: -1]
[min_data_in_leaf: 4]
[min_sum_hessian_in_leaf: 0.001]
[bagging_fraction: 0.980012]
[pos_bagging_fraction: 1]
[neg_bagging_fraction: 1]
[bagging_freq: 4]
[bagging_seed: 3]
[feature_fraction: 0.411056]
[feature_fraction_bynode: 1]
[feature_fraction_seed: 2]
[extra_trees: 0]
[extra_seed: 6]
[early_stopping_round: 0]
[early_stopping_min_delta: 0]
[first_metric_only: 0]
[max_delta_step: 0]
[lambda_l1: 0.000174676]
[lambda_l2: 0.00110193]
[linear_lambda: 0]
[min_gain_to_split: 0]
[drop_rate: 0.1]
[max_drop: 50]
[skip_drop: 0.5]
[xgboost_dart_mode: 0]
[uniform_drop: 0]
[drop_seed: 4]
[top_rate: 0.2]
[other_rate: 0.1]
[min_data_per_group: 100]
[max_cat_threshold: 32]
[cat_l2: 10]
[cat_smooth: 10]
[max_cat_to_onehot: 4]
[top_k: 20]
[monotone_constraints: ]
[monotone_constraints_method: basic]
[monotone_penalty: 0]
[feature_contri: ]
[forcedsplits_filename: ]
[refit_decay_rate: 0.9]
[cegb_tradeoff: 1]
[cegb_penalty_split: 0]
[cegb_penalty_feature_lazy: ]
[cegb_penalty_feature_coupled: ]
[path_smooth: 0]
[interaction_constraints: ]
[verbosity: -1]
[saved_feature_importance_type: 0]
[use_quantized_grad: 0]
[num_grad_quant_bins: 4]
[quant_train_renew_leaf: 0]
[stochastic_rounding: 1]
[linear_tree: 0]
[max_bin: 255]
[max_bin_by_feature: ]
[min_data_in_bin: 3]
[bin_construct_sample_cnt: 200000]
[data_random_seed: 1]
[is_enable_sparse: 1]
[enable_bundle: 1]
[use_missing: 1]
[zero_as_missing: 0]
[feature_pre_filter: 1]
[pre_partition: 0]
[two_round: 0]
[header: 0]
[label_column: ]
[weight_column: ]
[group_column: ]
[ignore_column: ]
[categorical_feature: ]
[forcedbins_filename: ]
[precise_float_parser: 0]
[parser_config_file: ]
[objective_seed: 5]
[num_class: 1]
[is_unbalance: 0]
[scale_pos_weight: 1]
[sigmoid: 1]
[boost_from_average: 1]
[reg_sqrt: 0]
[alpha: 0.9]
[fair_c: 1]
[poisson_max_delta_step: 0.7]
[tweedie_variance_power: 1.5]
[lambdarank_truncation_level: 30]
[lambdarank_norm: 1]
[label_gain: ]
[lambdarank_position_bias_regularization: 0]
[eval_at: ]
[multi_error_top_k: 1]
[auc_mu_weights: ]
[num_machines: 1]
[local_listen_port: 12400]
[time_out: 120]
[machine_list_filename: ]
[machines: ]
[gpu_platform_id: -1]
[gpu_device_id: -1]
[gpu_use_dp: 0]
[num_gpu: 1]

end of parameters

pandas_categorical:null
