tree
version=v4
num_class=1
num_tree_per_iteration=1
label_index=0
max_feature_idx=14
objective=binary sigmoid:1
feature_names=age edu_0 edu_1 day_cos day_sin AirConditioner_daytime AirConditioner_midnight ClothesWasher_daytime ClothesWasher_midnight Microwave_daytime RiceCooker_midnight TV_daytime IH_daytime day_sin_*_AirConditioner_daytime day_sin_*_Microwave_daytime
feature_infos=[0.16666666666666696:1] [0:1] [0:1] [-20214.31372225688:28309.074453867252] [-28064.695586917209:21606.351054021176] [0:21051] [0:4138] [2:565] [0:2505] [11:21573] [0:5252] [0:7708] [0:8518] [-316625895.61159992:324647588.82801241] [-295740728.37123036:336703224.19715536]
tree_sizes=690 754 961 755 854 642 945 957 645 753 959 652 1059 958 961 1285 749 849 649 855 744 964 750 964 649 853

Tree=0
num_leaves=6
num_cat=0
split_feature=0 8 8 14 14
split_gain=6.25182 2.82628 2.43769 0.638961 0.226917
threshold=0.77083333333333359 573.00000000000011 118.00000000000001 108226562.09415399 238958845.03410247
decision_type=2 2 2 2 2
left_child=1 3 -2 -1 -5
right_child=2 -3 -4 4 -6
leaf_value=-0.058850926381738194 -0.020420840210827473 0.020420840210827473 0.05066706630084418 0.011363618027012284 -0.011363618027012284
leaf_weight=4 0.50000000000000033 0.49999999999999989 1.9999999999999998 0.24999999999999989 0.25
leaf_count=16 2 2 8 1 1
internal_value=0 -0.0431812 0.0337251 -0.0542864 0
internal_weight=0 5 2.5 4.5 0.5
internal_count=30 20 10 18 2
is_linear=0
shrinkage=0.05


Tree=1
num_leaves=6
num_cat=0
split_feature=1 3 0 9 5
split_gain=9.51193 1.55047 1.28789 0.787461 0.427922
threshold=1.0000000180025095e-35 21681.492657634986 0.77083333333333359 2902.5000000000005 3083.5000000000005
decision_type=2 2 2 2 2
left_child=1 -1 -2 -4 -3
right_child=2 4 3 -5 -6
leaf_value=0.052557948483951102 -0.062504455872503181 0.01169957600057548 0.019905824576996675 -0.020212610303927167 -0.019823156849773427
leaf_weight=2.248977512121201 3.4971795678138733 0.24978366494178761 0.49967923760414112 0.49994787573814392 0.49956732988357544
leaf_count=9 14 1 2 2 2
internal_value=0 0.0399838 -0.0529248 -0.000243312 -0.00844042
internal_weight=0 2.99833 4.49681 0.999627 0.749351
internal_count=30 12 18 4 3
is_linear=0
shrinkage=0.05


Tree=2
num_leaves=8
num_cat=0
split_feature=1 3 3 5 5 5 3
split_gain=8.95722 1.47996 0.597618 0.659456 0.421126 0.214474 0.205686
threshold=1.0000000180025095e-35 21681.492657634986 28208.255492006781 7576.0000000000009 3083.5000000000005 11546.000000000002 28292.166838805424
decision_type=2 2 2 2 2 2 2
left_child=1 -1 3 -2 -3 -5 -4
right_child=2 4 6 5 -6 -7 -8
leaf_value=0.051197774243501241 -0.060780650029957084 0.011632627510284439 0.010963727764310051 0.010963727764310051 -0.019623530245601883 -0.011132940055289546 -0.010678331105174599
leaf_weight=2.2450909316539769 3.4885377883911137 0.24986109137535084 0.24968896806240071 0.24968896806240071 0.49922710657119751 0.24989683926105499 0.2490818053483963
leaf_count=9 14 1 1 1 2 1 1
internal_value=0 0.0388926 -0.0513083 -0.0557271 -0.00831183 -0.000136904 0.000243005
internal_weight=0 2.99418 4.48689 3.98812 0.749088 0.499586 0.498771
internal_count=30 12 18 16 3 2 2
is_linear=0
shrinkage=0.05


Tree=3
num_leaves=6
num_cat=0
split_feature=2 8 0 9 3
split_gain=8.44157 1.50148 1.16624 0.753181 0.384857
threshold=1.0000000180025095e-35 156.50000000000003 0.77083333333333359 2902.5000000000005 21681.492657634986
decision_type=2 2 2 2 2
left_child=2 4 -1 -4 -2
right_child=1 -3 3 -5 -6
leaf_value=-0.058931802639082154 0.010713261728028405 0.050349479058749647 0.019594776033376546 -0.019645209777653213 -0.019426778493318947
leaf_weight=3.4730406701564789 0.24917355179786715 2.2390916347503662 0.49916988611221302 0.49919088184833527 0.49879413843154907
leaf_count=14 1 9 2 2 2
internal_value=0 0.0378553 -0.0497838 -2.87619e-05 -0.00888572
internal_weight=0 2.98706 4.4714 0.998361 0.747968
internal_count=30 12 18 4 3
is_linear=0
shrinkage=0.05


Tree=4
num_leaves=7
num_cat=0
split_feature=0 8 14 7 11 5
split_gain=5.26529 3.90821 2.22902 1.37272 1.54506 0.478878
threshold=0.56250000000000033 118.00000000000001 -162188647.37526724 347.50000000000006 4375.5000000000009 1.0000000180025095e-35
decision_type=2 2 2 2 2 2
left_child=2 -2 -1 4 -3 -4
right_child=1 3 5 -5 -6 -7
leaf_value=0.021395630912971624 -0.02638271018464397 0.064669193110045917 0.00056877776908734504 -0.010014779219581433 -0.010014779219581433 -0.049182499322154176
leaf_weight=0.49620954692363772 0.74790363013744343 3.9739296734333038 0.49541577696800265 0.2464027851819991 0.2464027851819991 2.2292242795228958
leaf_count=2 3 16 2 1 1 9
internal_value=0 0.0373882 -0.0293462 0.0528388 0.0585177 -0.0436606
internal_weight=0 5.21464 3.22085 4.46674 4.22033 2.72464
internal_count=34 21 13 18 17 11
is_linear=0
shrinkage=0.05


Tree=5
num_leaves=5
num_cat=0
split_feature=0 8 3 13
split_gain=4.88095 3.71284 0.979023 1.4829
threshold=0.56250000000000033 118.00000000000001 21681.492657634986 6364555.8868435537
decision_type=2 2 2 2
left_child=2 -2 3 -1
right_child=1 -3 -4 -5
leaf_value=0.027916021393287083 -0.026027914218734433 0.051001320503246017 -0.042391274269325374 -0.024652116757094653
leaf_weight=0.7456418424844744 0.74675598740577687 4.4511218070983887 1.7254659086465833 0.73935447633266449
leaf_count=3 3 18 7 3
internal_value=0 0.035853 -0.0284505 0.00259446
internal_weight=0 5.19788 3.21046 1.485
internal_count=34 21 13 6
is_linear=0
shrinkage=0.05


Tree=6
num_leaves=8
num_cat=0
split_feature=8 9 5 6 5 6 3
split_gain=2.79308 0.982117 0.876745 3.51373 1.75051 0.992709 0.47777
threshold=54.000000000000007 13776.500000000002 147.50000000000003 1916.0000000000002 7576.0000000000009 1254.0000000000002 27893.491791151933
decision_type=2 2 2 2 2 2 2
left_child=1 -1 5 4 -4 -2 -6
right_child=2 -3 3 -5 6 -7 -8
leaf_value=-0.038639662181799192 0.047337957166882397 0.012464474459189377 -0.042331832903609111 0.042299910260650213 0.023990109628262771 -0.0095173383112456596 -0.010406289184197188
leaf_weight=1.4769877791404722 2.2115727514028554 0.24771586060523976 1.7258129864931109 1.4932101964950559 0.73446623980998982 0.24320991337299336 0.24819956719875336
leaf_count=6 9 1 7 6 3 1 1
internal_value=0 -0.0285719 0.0241171 0.00512073 -0.0244852 0.0399782 0.014147
internal_weight=0 1.7247 6.65647 4.20169 2.70848 2.45478 0.982666
internal_count=34 7 27 17 11 10 4
is_linear=0
shrinkage=0.05


Tree=7
num_leaves=8
num_cat=0
split_feature=8 11 10 5 12 12 12
split_gain=2.65831 1.36843 0.956248 0.783631 0.246313 0.0102862 0.00275191
threshold=54.000000000000007 1774.5000000000002 759.50000000000011 11546.000000000002 2701.5000000000005 4148.0000000000009 3747.5000000000005
decision_type=2 2 2 2 2 2 2
left_child=2 3 -1 4 -2 6 -6
right_child=1 -3 -4 -5 5 -7 -8
leaf_value=-0.037888154247437265 0.03960149717963616 -0.017615806153211941 0.012392463366974518 -0.010348539027084899 0.0006912566061006895 2.9275687100019656e-05 0.0088438362456451144
leaf_weight=1.4697593897581098 4.1686191707849503 0.48988090455532063 0.24800162017345417 0.24797381460666645 0.49029895663261391 0.48853053152561177 0.74237000942230225
leaf_count=6 17 2 1 1 2 2 3
internal_value=0 0.0235724 -0.0278914 0.0303147 0.034177 0.00698366 0.00802208
internal_weight=0 6.62767 1.71776 6.13779 5.88982 1.7212 1.23267
internal_count=34 27 7 25 24 7 5
is_linear=0
shrinkage=0.05


Tree=8
num_leaves=5
num_cat=0
split_feature=0 6 10 9
split_gain=5.60765 1.0677 1.0226 1.09772
threshold=0.56250000000000033 187.50000000000003 105.00000000000001 17832.500000000004
decision_type=2 2 2 2
left_child=1 -1 -2 -4
right_child=2 -3 3 -5
leaf_value=0.012320913549022556 -0.010291213700321176 -0.04075565375381493 0.050270314405949236 -0.0095913572995841179
leaf_weight=0.24826708436012301 0.24773631989955891 2.6818683296442032 3.6688342690467839 0.24375003576278675
leaf_count=1 1 11 15 1
internal_value=0 -0.0331276 0.0390739 0.0445868
internal_weight=0 2.93014 4.16032 3.91258
internal_count=29 12 17 16
is_linear=0
shrinkage=0.05


Tree=9
num_leaves=6
num_cat=0
split_feature=0 14 5 9 5
split_gain=5.23797 1.03256 0.981883 1.05572 0.450697
threshold=0.56250000000000033 -162188647.37526724 11546.000000000002 17832.500000000004 1.0000000180025095e-35
decision_type=2 2 2 2 2
left_child=1 -1 3 -2 -3
right_child=2 4 -4 -5 -6
leaf_value=0.012249825429595986 0.048832489931546916 0.0011834418109939729 -0.010234309812026577 -0.0095396622350568377 -0.045122803050163668
leaf_weight=0.24851252138614688 3.6459030359983449 0.48862759768962893 0.2474873512983321 0.24337521195411671 2.1778693944215775
leaf_count=1 15 2 1 1 9
internal_value=0 -0.0321412 0.037754 0.0432095 -0.0397101
internal_weight=0 2.91501 4.13677 3.88928 2.6665
internal_count=29 12 17 16 11
is_linear=0
shrinkage=0.05


Tree=10
num_leaves=8
num_cat=0
split_feature=8 10 4 3 3 3 3
split_gain=3.54777 1.67454 1.23888 0.811774 0.445579 0.0152359 0.144382
threshold=252.50000000000003 759.50000000000011 8123.09162879825 28208.255492006781 28292.166838805424 18438.076696214968 25332.219544185547
decision_type=2 2 2 2 2 2 2
left_child=1 3 -2 -1 -3 -4 -7
right_child=2 4 5 -5 -6 6 -8
leaf_value=-0.040726992391771882 0.047721380460666624 0.025578965819681412 -0.0091811450389266015 0.0091427611064641562 -0.0090081545610657225 0.0091586408606555616 -0.0090135135187739569
leaf_weight=2.6620267629623422 2.4147646278142934 0.73171792924404133 0.2404685467481612 0.24012544751167286 0.23887327313423157 0.24026814103126526 0.23892459273338318
leaf_count=11 10 3 1 1 1 1 1
internal_value=0 -0.020422 0.0370675 -0.0345788 0.0167224 -0.00740747 0.000119724
internal_weight=0 3.87274 3.13443 2.90215 0.970591 0.719661 0.479193
internal_count=29 16 13 12 4 3 2
is_linear=0
shrinkage=0.05


Tree=11
num_leaves=5
num_cat=0
split_feature=0 8 6 5
split_gain=4.73241 3.49676 0.973648 0.424338
threshold=0.56250000000000033 118.00000000000001 187.50000000000003 1.0000000180025095e-35
decision_type=2 2 2 2
left_child=2 -2 -1 -4
right_child=1 -3 3 -5
leaf_value=0.012031907353064331 -0.024149440877203155 0.053161491972440612 0.0012426923116923361 -0.043472994105333118
leaf_weight=0.24915002286434207 0.73503117263317097 3.3500721454620361 0.48609028756618533 2.1470728516578674
leaf_count=1 3 14 2 9
internal_value=0 0.0359401 -0.0307407 -0.0381902
internal_weight=0 4.0851 2.88231 2.63316
internal_count=29 17 12 11
is_linear=0
shrinkage=0.05


Tree=12
num_leaves=9
num_cat=0
split_feature=4 0 8 1 0 0 10 8
split_gain=2.69232 1.88766 1.10493 0.71299 0.780272 0.406804 0.378768 0.134718
threshold=-4607.5851329674588 0.72916666666666685 118.00000000000001 1.0000000180025095e-35 0.43750000000000028 0.52083333333333359 1722.0000000000002 393.50000000000006
decision_type=2 2 2 2 2 2 2 2
left_child=3 6 -3 4 -1 -5 -2 -8
right_child=1 2 -4 5 -6 -7 7 -9
leaf_value=-0.0090898081645925232 -0.046640862618352562 -0.018221884712396132 0.028697457852444899 0.011962716880029109 0.040137306484479413 -0.018496121817180824 -0.0087341133274183788 0.0088312326781052851
leaf_weight=0.23964193463325578 2.4001972079277043 0.49396978318691231 0.97113510966300964 0.24931588768959034 1.8812183588743208 0.49167710542678833 0.2360883206129073 0.23711150884628296
leaf_count=1 10 2 4 1 8 2 1 1
internal_value=0 -0.0259753 0.0114959 0.0238948 0.0328772 -0.00699157 -0.042016 7.51955e-05
internal_weight=0 4.3385 1.4651 2.86185 2.12086 0.740993 2.8734 0.4732
internal_count=30 18 6 12 9 3 12 2
is_linear=0
shrinkage=0.05


Tree=13
num_leaves=8
num_cat=0
split_feature=1 3 6 3 3 9 9
split_gain=2.37509 1.68911 1.43351 1.41525 0.390266 0.0402494 0.159443
threshold=1.0000000180025095e-35 28208.255492006781 187.50000000000003 27893.491791151933 28292.166838805424 13776.500000000002 2902.5000000000005
decision_type=2 2 2 2 2 2 2
left_child=3 2 5 -1 -3 6 -2
right_child=1 4 -4 -5 -6 -7 -8
leaf_value=0.034836039738369212 0.0090488712714140856 0.023383601149064227 -0.048430145979359809 -0.017366595313774671 -0.0086888771682914895 0.011893988273649049 -0.010053596294769145
leaf_weight=2.3391097486019139 0.2392600774765018 0.72719430923461903 2.6269779056310654 0.48818986117839802 0.23559816181659698 0.24946305155754089 0.2466089278459549
leaf_count=10 1 3 11 2 1 1 1
internal_value=0 -0.0245624 -0.0372223 0.0224081 0.0149595 0.00889277 -0.000917179
internal_weight=0 4.3251 3.36231 2.8273 0.962792 0.735332 0.485869
internal_count=30 18 14 12 4 3 2
is_linear=0
shrinkage=0.05


Tree=14
num_leaves=8
num_cat=0
split_feature=4 6 9 1 0 0 0
split_gain=2.43214 2.43837 0.719922 0.635376 0.757373 0.480092 0.387787
threshold=-4607.5851329674588 2374.0000000000005 2902.5000000000005 1.0000000180025095e-35 0.43750000000000028 0.77083333333333359 0.52083333333333359
decision_type=2 2 2 2 2 2 2
left_child=3 2 5 4 -1 -2 -5
right_child=1 -3 -4 6 -6 -7 -8
leaf_value=-0.0092261279315920108 -0.015666019348476206 0.023135420095322726 -0.047490206893822502 0.011825720955084402 0.03865968712510516 0.015849624679913434 -0.017850617989831955
leaf_weight=0.24086277186870653 0.46778011322021518 0.72497156262397755 2.6136981844902039 0.24959178268909443 1.8467445671558378 0.47280490398406982 0.48800481855869293
leaf_count=1 2 3 11 1 8 2 2
internal_value=0 -0.0247676 -0.0392748 0.0228301 0.0313392 0.000167594 -0.0065005
internal_weight=0 4.27925 3.55428 2.8252 2.08761 0.940585 0.737597
internal_count=30 18 15 12 9 4 3
is_linear=0
shrinkage=0.05


Tree=15
num_leaves=11
num_cat=0
split_feature=4 0 1 0 3 0 14 10 10 0
split_gain=2.29153 1.69448 0.608865 0.736832 0.460426 0.381816 0.344311 0.120853 0.00681093 0.147977
threshold=-4607.5851329674588 0.72916666666666685 1.0000000180025095e-35 0.43750000000000028 28208.255492006781 0.52083333333333359 238958845.03410247 1722.0000000000002 405.00000000000006 0.85416666666666707
decision_type=2 2 2 2 2 2 2 2 2 2
left_child=2 6 3 -1 8 -4 -2 -8 -3 -10
right_child=1 4 5 -5 -6 -7 7 -9 9 -11
leaf_value=-0.0091771786689915699 -0.043880606930840754 -0.0097394440481870168 0.011757914322556622 0.037917110458376535 0.022832068337309639 -0.017680289913533005 -0.0081726595590008513 0.0084862381496034062 -0.0094813734316599486 0.0089181284721202951
leaf_weight=0.24043338000774461 2.3352297097444539 0.24476224184036233 0.24970236420631398 1.8273772299289701 0.72171179950237274 0.48685237765312195 0.22939302027225483 0.2332964688539505 0.24293921887874603 0.23799328505992889
leaf_count=1 10 1 1 8 3 2 1 1 1 1
internal_value=0 -0.0240427 0.0222667 0.0306368 0.011274 -0.00639589 -0.0394505 0.000280751 -0.00846461 -0.000510104
internal_weight=0 4.24533 2.80437 2.06781 1.44741 0.736555 2.79792 0.462689 0.725695 0.480933
internal_count=30 18 12 9 6 3 12 2 3 2
is_linear=0
shrinkage=0.05


Tree=16
num_leaves=6
num_cat=0
split_feature=8 7 13 8 12
split_gain=3.42052 2.04562 0.404343 0.646088 0.286756
threshold=54.000000000000007 347.50000000000006 -18351086.117820706 573.00000000000011 4148.0000000000009
decision_type=2 2 2 2 2
left_child=-1 2 3 -2 -4
right_child=1 -3 4 -5 -6
leaf_value=-0.036677703191745042 -0.017139857433426903 -0.021958515395504564 0.042686391239778868 0.018761174302529285 0.00027869254598407385
leaf_weight=1.6317893415689466 0.48581169545650416 0.70264364778995503 3.2455693036317834 0.65934419631958008 0.46163327991962422
leaf_count=7 2 3 14 3 2
internal_value=0 0.0228394 0.0337617 0.00231595 0.0393266
internal_weight=0 5.555 4.85236 1.14516 3.7072
internal_count=31 24 21 5 16
is_linear=0
shrinkage=0.05


Tree=17
num_leaves=7
num_cat=0
split_feature=7 7 14 6 7 6
split_gain=2.65688 0.8511 0.984287 1.12077 0.979878 0.333932
threshold=95.000000000000014 347.50000000000006 -2765799.5355177219 921.50000000000011 259.50000000000006 2374.0000000000005
decision_type=2 2 2 2 2 2
left_child=-1 2 4 -4 -2 -5
right_child=1 -3 3 5 -6 -7
leaf_value=0.037531934890777385 -0.031956041870821815 -0.033010982740725274 0.032778796197149351 -0.020809065275001658 0.014108797248403483 0.0084414494422400451
leaf_weight=1.8111821413040159 1.2002011835575102 1.3754903674125669 1.3694431930780417 0.69533139467239369 0.44657972455024708 0.2327643483877182
leaf_count=8 5 6 6 3 2 1
internal_value=0 -0.0143542 0.000903475 0.0169921 -0.0185773 -0.0127109
internal_weight=0 5.31981 3.94432 2.29754 1.64678 0.928096
internal_count=31 23 17 10 7 4
is_linear=0
shrinkage=0.05


Tree=18
num_leaves=5
num_cat=0
split_feature=0 2 8 3
split_gain=3.21834 2.22053 1.77646 1.03415
threshold=0.72916666666666685 1.0000000180025095e-35 118.00000000000001 27893.491791151933
decision_type=2 2 2 2
left_child=1 -1 -2 -3
right_child=2 3 -4 -5
leaf_value=-0.042600660782786751 -0.016573288170741812 0.029359742808847563 0.044339200730527495 -0.016371759938986846
leaf_weight=2.2872241288423538 0.48100447654724154 1.1421301215887072 2.6827318221330643 0.47892752289772023
leaf_count=10 2 5 12 2
internal_value=0 -0.0220994 0.0322853 0.0142769
internal_weight=0 3.90828 3.16374 1.62106
internal_count=31 17 14 7
is_linear=0
shrinkage=0.05


Tree=19
num_leaves=7
num_cat=0
split_feature=0 1 3 4 14 14
split_gain=3.04449 2.11818 1.007 0.720056 0.115934 0.209765
threshold=0.72916666666666685 1.0000000180025095e-35 27893.491791151933 13052.653804594871 -8140673.1612399127 -18289062.807961497
decision_type=2 2 2 2 2 2
left_child=1 2 -1 4 5 -2
right_child=3 -3 -4 -5 -6 -7
leaf_value=0.028905132495311466 0.012548454713280366 -0.041727905500569068 -0.016221334932715405 -0.0089729037396726694 0.04064668110901179 -0.009229499967149786
leaf_weight=1.1329354345798495 0.41763141751289368 2.2597179412841797 0.47729238867759693 0.23853278160095204 2.2271455228328705 0.24089199304580766
leaf_count=5 2 10 2 1 10 1
internal_value=0 -0.0216323 0.0139609 0.0314508 0.0370689 0.00362322
internal_weight=0 3.86995 1.61023 3.1242 2.88567 0.658523
internal_count=31 17 7 14 13 3
is_linear=0
shrinkage=0.05


Tree=20
num_leaves=6
num_cat=0
split_feature=3 6 7 9 6
split_gain=1.62075 1.97143 1.21595 0.724859 0.226791
threshold=21681.492657634986 1916.0000000000002 437.00000000000006 2902.5000000000005 921.50000000000011
decision_type=2 2 2 2 2
left_child=2 3 -1 4 -2
right_child=1 -3 -4 -5 -6
leaf_value=0.0413512434395963 0.014162929878705974 0.025188813314384169 -0.012478681216480254 -0.037920098041309892 -0.00878842242284723
leaf_weight=2.1756554245948796 0.44826494157314378 0.92192456126213063 0.41613394021987904 1.822902590036392 0.23666539788246155
leaf_count=10 2 4 2 8 1
internal_value=0 -0.0104002 0.0310545 -0.0287823 0.00558298
internal_weight=0 3.42976 2.59179 2.50783 0.68493
internal_count=27 15 12 11 3
is_linear=0
shrinkage=0.05


Tree=21
num_leaves=8
num_cat=0
split_feature=4 6 3 1 5 3 5
split_gain=1.74778 1.25486 0.437704 0.234123 0.161854 0.151633 0.121434
threshold=-4607.5851329674588 2374.0000000000005 28208.255492006781 1.0000000180025095e-35 7576.0000000000009 27893.491791151933 11546.000000000002
decision_type=2 2 2 2 2 2 2
left_child=-1 2 3 5 -5 -2 -6
right_child=1 -3 -4 4 6 -7 -8
leaf_value=0.032762492379333472 0.0099029637468577292 0.020649717328186473 0.0074862174561623586 -0.035245286942645553 0.0079816471682881973 -0.0087427761940102149 -0.00872829358269866
leaf_weight=2.3620339781045914 0.24577429890632752 0.69370613992214192 0.21940281987190235 1.7424336373806002 0.22681200504302967 0.23618121445178986 0.23602575063705444
leaf_count=11 1 3 1 8 1 1 1
internal_value=0 -0.0105071 -0.023251 -0.0278596 -0.0317264 0.00106581 -0.000690672
internal_weight=0 3.60034 2.90663 2.68723 2.20527 0.481956 0.462838
internal_count=27 16 13 12 10 2 2
is_linear=0
shrinkage=0.05


Tree=22
num_leaves=6
num_cat=0
split_feature=11 3 6 9 0
split_gain=1.54725 1.37043 1.39628 0.510115 0.221317
threshold=1774.5000000000002 21681.492657634986 1916.0000000000002 2902.5000000000005 0.77083333333333359
decision_type=2 2 2 2 2
left_child=1 -1 3 4 -3
right_child=-2 2 -4 -5 -6
leaf_value=0.039999283592606731 -0.023583367986066198 -0.0086974746128306319 0.024481515792811773 -0.030430784920499766 0.013977245853072404
leaf_weight=2.1261567771434784 0.87982253730297078 0.23569199442863498 0.90807768702507008 1.3168137222528455 0.4450843334197998
leaf_count=10 4 1 4 6 2
internal_value=0 0.0211988 -0.00307767 -0.021515 0.00548444
internal_weight=0 5.03182 2.90567 1.99759 0.680776
internal_count=27 23 13 9 3
is_linear=0
shrinkage=0.05


Tree=23
num_leaves=8
num_cat=0
split_feature=4 6 0 14 0 9 0
split_gain=1.58689 1.17194 0.733873 0.157014 0.607371 0.217849 0.144288
threshold=-4607.5851329674588 2374.0000000000005 0.31250000000000028 108226562.09415399 0.77083333333333359 2902.5000000000005 0.77083333333333359
decision_type=2 2 2 2 2 2 2
left_child=2 3 -1 4 -2 -6 -5
right_child=1 -3 -4 6 5 -7 -8
leaf_value=-0.0089893638104661024 -0.034139454488066816 0.020070939274318619 0.038216456359419386 0.0096318468961460527 0.013859479944095919 -0.0086386170691339255 -0.008561535903690928
leaf_weight=0.23869241774082217 1.7035862356424343 0.68376410007476796 2.0707936733961105 0.24403585493564595 0.44301523268222798 0.23504345118999481 0.23417198657989502
leaf_count=1 8 3 10 1 2 1 1
internal_value=0 -0.0100326 0.0314484 -0.0224518 -0.0254937 0.00542295 0.000985666
internal_weight=0 3.54362 2.30949 2.85985 2.38164 0.678059 0.478208
internal_count=27 16 11 13 11 3 2
is_linear=0
shrinkage=0.05


Tree=24
num_leaves=5
num_cat=0
split_feature=1 3 14 3
split_gain=2.83739 2.76529 1.20516 0.659815
threshold=1.0000000180025095e-35 28208.255492006781 -116229146.96553709 27893.491791151933
decision_type=2 2 2 2
left_child=3 2 -2 -1
right_child=1 -3 -4 -5
leaf_value=0.03655795486196186 0.011700230481408915 0.024395823534899309 -0.047089768015055065 -0.0084770867495288157
leaf_weight=2.0559345930814747 0.2497828155756 0.90658293664455403 3.0992541015148163 0.23318843543529499
leaf_count=10 1 4 14 1
internal_value=0 -0.0229315 -0.0400086 0.0301737
internal_weight=0 4.25562 3.34904 2.28912
internal_count=30 19 15 11
is_linear=0
shrinkage=0.05


Tree=25
num_leaves=7
num_cat=0
split_feature=8 14 3 3 3 9
split_gain=1.95634 2.4744 0.650489 0.590721 0.534535 0.455862
threshold=393.50000000000006 -53092121.470973261 28208.255492006781 1.0000000180025095e-35 -4244.1129083669357 5153.0000000000009
decision_type=2 2 2 2 2 2
left_child=1 5 3 -3 -2 -1
right_child=4 2 -4 -5 -6 -7
leaf_value=-0.0078840412417172621 -0.007656816369982767 0.0057992546067498069 0.0072026097084615841 -0.044935483695766471 0.033408148560438791 0.028801189807933558
leaf_weight=0.2254338115453719 0.22207032144069683 0.18659478425979692 0.21469971537590016 2.837522029876709 1.6725436896085735 1.1006703674793241
leaf_count=1 1 1 1 13 8 5
internal_value=0 -0.0178638 -0.0360551 -0.040752 0.0271437 0.0215729
internal_weight=0 4.56492 3.23882 3.02412 1.89461 1.3261
internal_count=30 21 15 14 9 6
is_linear=0
shrinkage=0.05


end of trees

feature_importances:
day_cos=26
age=24
ClothesWasher_midnight=15
AirConditioner_daytime=13
AirConditioner_midnight=13
Microwave_daytime=12
day_sin_*_Microwave_daytime=11
edu_0=9
day_sin=7
ClothesWasher_daytime=6
RiceCooker_midnight=6
IH_daytime=4
TV_daytime=3
edu_1=2
day_sin_*_AirConditioner_daytime=2

parameters:
[boosting: gbdt]
[objective: binary]
[metric: roc_auc]
[tree_learner: serial]
[device_type: cpu]
[data_sample_strategy: bagging]
[data: ]
[valid: ]
[num_iterations: 10000]
[learning_rate: 0.05]
[num_leaves: 18]
[num_threads: 0]
[seed: 0]
[deterministic: 0]
[force_col_wise: 0]
[force_row_wise: 0]
[histogram_pool_size: -1]
[max_depth: -1]
[min_data_in_leaf: 1]
[min_sum_hessian_in_leaf: 0.001]
[bagging_fraction: 0.751537]
[pos_bagging_fraction: 1]
[neg_bagging_fraction: 1]
[bagging_freq: 4]
[bagging_seed: 3]
[feature_fraction: 0.633127]
[feature_fraction_bynode: 1]
[feature_fraction_seed: 2]
[extra_trees: 0]
[extra_seed: 6]
[early_stopping_round: 0]
[early_stopping_min_delta: 0]
[first_metric_only: 0]
[max_delta_step: 0]
[lambda_l1: 0.000781169]
[lambda_l2: 1.94657]
[linear_lambda: 0]
[min_gain_to_split: 0]
[drop_rate: 0.1]
[max_drop: 50]
[skip_drop: 0.5]
[xgboost_dart_mode: 0]
[uniform_drop: 0]
[drop_seed: 4]
[top_rate: 0.2]
[other_rate: 0.1]
[min_data_per_group: 100]
[max_cat_threshold: 32]
[cat_l2: 10]
[cat_smooth: 10]
[max_cat_to_onehot: 4]
[top_k: 20]
[monotone_constraints: ]
[monotone_constraints_method: basic]
[monotone_penalty: 0]
[feature_contri: ]
[forcedsplits_filename: ]
[refit_decay_rate: 0.9]
[cegb_tradeoff: 1]
[cegb_penalty_split: 0]
[cegb_penalty_feature_lazy: ]
[cegb_penalty_feature_coupled: ]
[path_smooth: 0]
[interaction_constraints: ]
[verbosity: -1]
[saved_feature_importance_type: 0]
[use_quantized_grad: 0]
[num_grad_quant_bins: 4]
[quant_train_renew_leaf: 0]
[stochastic_rounding: 1]
[linear_tree: 0]
[max_bin: 255]
[max_bin_by_feature: ]
[min_data_in_bin: 3]
[bin_construct_sample_cnt: 200000]
[data_random_seed: 1]
[is_enable_sparse: 1]
[enable_bundle: 1]
[use_missing: 1]
[zero_as_missing: 0]
[feature_pre_filter: 1]
[pre_partition: 0]
[two_round: 0]
[header: 0]
[label_column: ]
[weight_column: ]
[group_column: ]
[ignore_column: ]
[categorical_feature: ]
[forcedbins_filename: ]
[precise_float_parser: 0]
[parser_config_file: ]
[objective_seed: 5]
[num_class: 1]
[is_unbalance: 0]
[scale_pos_weight: 1]
[sigmoid: 1]
[boost_from_average: 1]
[reg_sqrt: 0]
[alpha: 0.9]
[fair_c: 1]
[poisson_max_delta_step: 0.7]
[tweedie_variance_power: 1.5]
[lambdarank_truncation_level: 30]
[lambdarank_norm: 1]
[label_gain: ]
[lambdarank_position_bias_regularization: 0]
[eval_at: ]
[multi_error_top_k: 1]
[auc_mu_weights: ]
[num_machines: 1]
[local_listen_port: 12400]
[time_out: 120]
[machine_list_filename: ]
[machines: ]
[gpu_platform_id: -1]
[gpu_device_id: -1]
[gpu_use_dp: 0]
[num_gpu: 1]

end of parameters

pandas_categorical:null
