tree
version=v4
num_class=1
num_tree_per_iteration=1
label_index=0
max_feature_idx=14
objective=binary sigmoid:1
feature_names=age edu_0 edu_1 day_cos day_sin AirConditioner_daytime AirConditioner_midnight ClothesWasher_daytime ClothesWasher_midnight Microwave_daytime RiceCooker_midnight TV_daytime IH_daytime day_sin_*_AirConditioner_daytime day_sin_*_Microwave_daytime
feature_infos=[0.083333333333333481:1] [0:1] [0:1] [-28284.687966603502:16328.513239897839] [-28282.330682659041:27964.437139290985] [0:24004] [0:22311] [7:337] [0:923] [0:17259] [39:1561] [0:7246] [0:5746] [-466471487.59298617:46652958.475969717] [-479830762.52790368:393291843.92698842]
tree_sizes=750 754 1060 1056 955 1059 1364 1059 1051 1169 952 1051 855 754 961 959 751 1164 957 756 860 1058 856 851 961 1158 1060

Tree=0
num_leaves=7
num_cat=0
split_feature=12 11 3 8 8 3
split_gain=9.97967 2.97557 5.1977 2.50952 0.939916 2.50952
threshold=69.000000000000014 11.000000000000002 6154.5842701498404 166.50000000000003 410.50000000000006 -16909.334111026834
decision_type=2 2 2 2 2 2
left_child=4 3 -3 -2 5 -1
right_child=1 2 -4 -5 -6 -7
leaf_value=0.056984929547904323 -0.04689667044119647 -0.08688440815691327 0.046896670441196463 0.056984929547904323 0.075558182279804292 -0.046896670441196463
leaf_weight=0.75 0.49999999999999978 3.75 0.49999999999999989 0.75 1.75 0.5
leaf_count=3 2 15 2 3 7 2
internal_value=0 -0.0494547 -0.0674818 0.0137615 0.056083 0.0137615
internal_weight=0 5.5 4.25 1.25 3 1.25
internal_count=34 22 17 5 12 5
is_linear=0
shrinkage=0.05


Tree=1
num_leaves=6
num_cat=0
split_feature=1 7 12 11 3
split_gain=11.5173 4.2412 3.32691 2.18544 1.2802
threshold=1.0000000180025095e-35 68.500000000000014 1.0000000180025095e-35 1054.0000000000002 -16909.334111026834
decision_type=2 2 2 2 2
left_child=3 4 -3 -1 -2
right_child=1 2 -4 -5 -6
leaf_value=0.079019479928484362 -0.029313406447168316 0.018012389932336368 -0.084247853026980568 -0.029313406447168323 0.055310335904880638
leaf_weight=2.4974224269390111 0.24952878057956696 0.74914963543415058 3.993461936712265 0.24952878057956684 0.74930326640605915
leaf_count=10 1 3 16 1 3
internal_value=0 -0.0493992 -0.0678946 0.0658491 0.0312075
internal_weight=0 5.74144 4.74261 2.74695 0.998832
internal_count=34 23 19 11 4
is_linear=0
shrinkage=0.05


Tree=2
num_leaves=9
num_cat=0
split_feature=14 11 10 5 11 3 5 9
split_gain=10.4488 1.56822 1.64716 0.595236 0.6607 0.563072 0.532291 0.41498
threshold=-11993578.1507689 11.000000000000002 429.00000000000006 1.0000000180025095e-35 256.50000000000006 -16909.334111026834 1454.5000000000002 2306.0000000000005
decision_type=2 2 2 2 2 2 2 2
left_child=1 2 -1 5 -5 -2 -6 -3
right_child=3 7 -4 4 6 -7 -8 -9
leaf_value=0.044069001484544179 0.028586744838079277 -0.017557120074364177 -0.04391367081053521 0.063544086223314908 0.029085504747328256 -0.030186117447003655 -0.028074079635759391 -0.077590722082129901
leaf_weight=0.49806100130081166 0.24884748458862305 0.7462691813707355 0.49785628914833069 2.7374395728111272 0.24934823811054219 0.24994786083698306 0.24817851185798645 2.9791216552257538
leaf_count=2 1 3 2 11 1 1 1 12
internal_value=0 -0.0563505 0.000105414 0.0487084 0.055452 -0.00124609 0.00079723 -0.0694686
internal_weight=0 4.72131 0.995917 3.73376 3.23497 0.498795 0.497527 3.72539
internal_count=34 19 4 15 13 2 2 15
is_linear=0
shrinkage=0.05


Tree=3
num_leaves=9
num_cat=0
split_feature=8 4 0 4 3 11 0 0
split_gain=7.92885 5.65837 1.92096 2.05028 0.919833 0.432643 0.100076 0.516292
threshold=221.50000000000003 16127.483005810582 0.31250000000000028 16127.483005810582 -8739.1542703984305 11.000000000000002 0.72916666666666685 0.85416666666666707
decision_type=2 2 2 2 2 2 2 2
left_child=1 5 4 -4 -2 6 -1 -8
right_child=2 -3 3 -5 -6 -7 7 -9
leaf_value=-0.028017145683966311 -0.043467439760912725 0.052285673182299854 0.074261776277593089 -0.029601804048275445 0.028921037589840333 -0.077157769667647036 0.028288894899094509 -0.028017145683966307
leaf_weight=0.24809440970420826 0.49595510959625244 0.74422334134578694 2.4764805585145955 0.24971459805965412 0.24919924139976535 3.453607365489006 0.24847809970378876 0.24809440970420837
leaf_count=1 2 3 10 1 1 14 1 1
internal_value=0 -0.0479649 0.0443856 0.0612917 -0.0172173 -0.0698383 -0.017225 0.00020936
internal_weight=0 4.9425 3.47135 2.7262 0.745154 4.19827 0.744667 0.496573
internal_count=34 20 14 11 3 17 3 2
is_linear=0
shrinkage=0.05


Tree=4
num_leaves=8
num_cat=0
split_feature=2 7 8 11 8 11 8
split_gain=9.25781 3.60226 2.83239 1.78598 0.803666 0.244277 0.499264
threshold=1.0000000180025095e-35 68.500000000000014 410.50000000000006 1054.0000000000002 793.50000000000011 1054.0000000000002 183.50000000000003
decision_type=2 2 2 2 2 2 2
left_child=1 5 -3 -2 -4 -1 -7
right_child=3 2 4 -5 -6 6 -8
leaf_value=0.04320938266244282 0.071641883484003424 -0.076989464811480432 0.041754115610978082 -0.026649200169163403 -0.026351994019497123 0.027893841603810355 -0.02750056232751685
leaf_weight=0.49662086367607106 2.4546018689870839 3.9193390309810638 0.49336737394332875 0.24546732008457173 0.24473907053470612 0.24790546298027039 0.24724023044109344
leaf_count=2 10 16 2 1 1 1 1
internal_value=0 -0.0444382 -0.0617323 0.0596336 0.0175283 0.029692 0.000309819
internal_weight=0 5.64921 4.65745 2.70007 0.738106 0.991767 0.495146
internal_count=34 23 19 11 3 4 2
is_linear=0
shrinkage=0.05


Tree=5
num_leaves=9
num_cat=0
split_feature=1 8 13 12 13 10 8 10
split_gain=7.51334 4.21989 1.74303 1.27034 0.552474 0.568457 0.501619 0.32174
threshold=1.0000000180025095e-35 410.50000000000006 -49707928.489448689 379.00000000000006 7904699.9430482658 270.00000000000006 221.50000000000003 224.50000000000003
decision_type=2 2 2 2 2 2 2 2
left_child=2 4 -1 -3 5 7 -6 -2
right_child=1 3 -4 -5 6 -7 -8 -9
leaf_value=-0.02627671438312177 -0.032680697326600748 0.05891244268353707 0.070569532532875956 -0.025986271481549941 0.027492552220039514 -0.070195945638898569 -0.028029706256463158 0.0068279929483907823
leaf_weight=0.24454548954963717 1.2072795778512952 0.98846621811389901 2.6708249151706696 0.24376389384269714 0.24722567200660694 2.6626996248960495 0.24811312556266785 0.48812058568000782
leaf_count=1 5 4 11 1 1 11 1 2
internal_value=0 -0.0311684 0.059492 0.0392192 -0.0512703 -0.0563341 -0.000425951 -0.0224395
internal_weight=0 6.08567 2.91537 1.23223 4.85344 4.3581 0.495339 1.6954
internal_count=37 25 12 5 20 18 2 7
is_linear=0
shrinkage=0.05


Tree=6
num_leaves=12
num_cat=0
split_feature=14 8 6 6 5 5 5 5 2 8 6
split_gain=7.95125 1.58537 1.43372 1.12638 0.941627 0.744219 0.59426 0.45994 0.342927 1.07966 0.798034
threshold=-11993578.1507689 294.00000000000006 1942.0000000000002 322.00000000000006 2.5000000000000004 16400.000000000004 131.50000000000003 1.0000000180025095e-35 1.0000000180025095e-35 410.50000000000006 507.50000000000006
decision_type=2 2 2 2 2 2 2 2 2 2 2
left_child=1 3 8 6 7 -3 -1 -5 9 10 -2
right_child=2 5 -4 4 -6 -7 -8 -9 -10 -11 -12
leaf_value=-0.024401513696005003 0.027100631743449417 0.039952765223473248 -0.027625225724738484 -0.025550386477713283 -0.069968047173578199 -0.025628810999435894 0.037049354140396826 0.027726460247628718 0.067178663581693984 0.05122036616525151 -0.040466403651690935
leaf_weight=0.23850850760936726 0.24646468460559867 0.48672889173030842 0.24746148288249958 0.24248643219471011 3.1044554561376572 0.24272558093070984 0.24044759571552277 0.24763403832912445 2.3955039829015732 0.73646663129329681 0.48725993931293488
leaf_count=1 1 2 1 1 13 1 1 1 10 3 2
internal_value=0 -0.0415968 0.0475698 -0.0527349 -0.0612685 0.01646 0.00979699 0.00179186 0.0552988 0.0226447 -0.0158447
internal_weight=0 4.80299 4.11316 4.07353 3.59458 0.729454 0.478956 0.49012 3.8657 1.47019 0.733725
internal_count=37 20 17 17 15 3 2 2 16 6 3
is_linear=0
shrinkage=0.05


Tree=7
num_leaves=9
num_cat=0
split_feature=2 8 10 10 3 10 8 10
split_gain=6.47047 3.68645 1.54564 1.1646 0.574012 0.541891 0.425429 0.288149
threshold=1.0000000180025095e-35 410.50000000000006 753.50000000000011 560.50000000000011 6154.5842701498404 270.00000000000006 113.00000000000001 224.50000000000003
decision_type=2 2 2 2 2 2 2 2
left_child=1 4 -2 -3 5 7 -6 -1
right_child=2 3 -4 -5 6 -7 -8 -9
leaf_value=-0.030528232479428825 0.066541376175061895 -0.025279352971792297 -0.024959146918535804 0.055935142617547874 0.026717786020992181 -0.066847260110432752 -0.024605421385392082 0.0067137029106304341
leaf_weight=1.1882041394710539 2.5987988412380223 0.24162828922271706 0.24055083096027363 0.97690194845199585 0.24562726914882649 2.5969694256782532 0.23927988111972809 0.48929655551910389
leaf_count=5 11 1 1 4 1 11 1 2
internal_value=0 -0.0290569 0.0559267 0.0369154 -0.0480777 -0.0532805 0.00177085 -0.0207079
internal_weight=0 5.97791 2.83935 1.21853 4.75938 4.27447 0.484907 1.6775
internal_count=37 25 12 5 20 18 2 7
is_linear=0
shrinkage=0.05


Tree=8
num_leaves=9
num_cat=0
split_feature=2 0 10 3 10 9 10 9
split_gain=6.00026 1.88342 1.98075 2.19435 1.47471 1.05474 0.79745 0.78509
threshold=1.0000000180025095e-35 0.72916666666666685 560.50000000000011 -8739.1542703984305 753.50000000000011 7451.0000000000009 429.00000000000006 7451.0000000000009
decision_type=2 2 2 2 2 2 2 2
left_child=1 2 -1 -4 -2 -5 -3 -8
right_child=4 6 3 5 -6 -7 7 -9
leaf_value=-0.066656389978327457 0.064707173448923863 0.049193212046642683 -0.047622445551371823 0.053153562936752864 -0.024624498832731011 -0.024278497376690397 -0.037489548563481745 0.028948744005425849
leaf_weight=2.5879998356103897 2.555966049432755 0.49010242521762826 0.9124860763549808 0.9642626494169233 0.23935060203075398 0.23802937567234039 0.47614109516143799 0.24922545254230499
leaf_count=11 11 2 4 4 1 1 2 1
internal_value=0 -0.0281206 -0.041534 -0.00320442 0.0541969 0.034954 0.020479 -0.0119719
internal_weight=0 5.91825 4.70278 2.11478 2.79532 1.20229 1.21547 0.725367
internal_count=37 25 20 9 12 5 5 3
is_linear=0
shrinkage=0.05


Tree=9
num_leaves=10
num_cat=0
split_feature=14 0 0 13 9 9 1 5 5
split_gain=6.47412 1.57053 1.2104 0.834013 0.699149 0.639666 0.61034 0.451003 0.845822
threshold=-11993578.1507689 0.31250000000000028 0.72916666666666685 7904699.9430482658 4485.0000000000009 2306.0000000000005 1.0000000180025095e-35 1.0000000180025095e-35 5765.0000000000009
decision_type=2 2 2 2 2 2 2 2 2
left_child=2 4 5 -3 -2 -1 -7 -4 -9
right_child=1 3 7 -5 -6 6 -8 8 -10
leaf_value=0.0025203126660982966 -0.037818556794126552 0.065667730519676198 -0.023814160563331296 -0.0024845959263756958 0.025609534683768809 -0.0013998768336918284 -0.06411372698443811 0.048022199709117724 -0.023778030984010504
leaf_weight=0.4682443588972095 0.47434487938880954 2.7688547670841221 0.23612721264362324 0.47187168896198262 0.24266718327999115 0.46899150311946902 2.7373650819063187 0.49073328077793121 0.23597297072410583
leaf_count=2 2 12 1 2 1 2 12 2 1
internal_value=0 0.0437181 -0.0380646 0.0568477 -0.0145168 -0.0496705 -0.0565295 0.00821302 0.0244972
internal_weight=0 3.95774 4.63743 3.24073 0.717012 3.6746 3.20636 0.962833 0.726706
internal_count=37 17 20 14 3 16 14 4 3
is_linear=0
shrinkage=0.05


Tree=10
num_leaves=8
num_cat=0
split_feature=1 8 13 4 13 4 4
split_gain=5.28149 2.28749 1.37374 1.27642 0.852165 0.265929 1.13007
threshold=1.0000000180025095e-35 410.50000000000006 -49707928.489448689 25306.51307297657 -112189856.7765495 -27844.503294911516 -28142.073048741051
decision_type=2 2 2 2 2 2 2
left_child=2 3 -1 5 -3 6 -2
right_child=1 4 -4 -5 -6 -7 -8
leaf_value=-0.02427863455835564 -0.042578007678653856 -0.023217106505477175 0.061730286176364495 0.02526050595867976 0.047256751700977047 -0.062912105429174997 0.034683948986590461
leaf_weight=0.2380299270153049 0.6867654025554657 0.23346255719661713 2.4699162691831589 0.24156679213047016 0.71932411193847645 2.48701323568821 0.24597759544849429
leaf_count=1 3 1 11 1 3 11 1
internal_value=0 -0.0298567 0.051277 -0.0465638 0.0277653 -0.0545063 -0.016793
internal_weight=0 4.61411 2.70795 3.66132 0.952787 3.41976 0.932743
internal_count=32 20 12 16 4 15 4
is_linear=0
shrinkage=0.05


Tree=11
num_leaves=9
num_cat=0
split_feature=8 7 0 7 10 7 0 7
split_gain=3.01427 1.5872 1.24855 1.34647 0.89395 1.57959 0.775629 0.650911
threshold=221.50000000000003 68.500000000000014 0.31250000000000028 327.50000000000006 385.00000000000006 219.50000000000003 0.64583333333333359 150.00000000000003
decision_type=2 2 2 2 2 2 2 2
left_child=1 6 7 -4 5 -3 -1 -2
right_child=2 4 3 -5 -6 -7 -8 -9
leaf_value=0.042377237490717971 0.024300484165207067 -0.040456745395862144 0.060625528723963776 -0.024491926792449492 -0.057663814880064668 0.043294025522278873 -0.023958782253904243 -0.037202333982097595
leaf_weight=0.68084490299224842 0.23811577260494265 0.66535450518131278 2.2279102057218556 0.2388540357351302 1.9709848165512083 0.47292615473270416 0.23673556745052338 0.47350823879241943
leaf_count=3 1 3 10 1 9 2 1 2
internal_value=0 -0.0255885 0.0348599 0.0493479 -0.0411206 -0.00283278 0.0226451 -0.014967
internal_weight=0 4.02685 3.17839 2.46676 3.10927 1.13828 0.91758 0.711624
internal_count=32 18 14 11 14 5 4 3
is_linear=0
shrinkage=0.05


Tree=12
num_leaves=7
num_cat=0
split_feature=14 10 0 10 10 1
split_gain=4.72004 1.39364 1.35044 1.42269 1.11051 0.130285
threshold=-60586158.956793331 385.00000000000006 0.31250000000000028 560.50000000000011 224.50000000000003 1.0000000180025095e-35
decision_type=2 2 2 2 2 2
left_child=1 4 3 -2 -1 -4
right_child=2 -3 5 -5 -6 -7
leaf_value=-0.031849248960967622 -0.042185611214242025 -0.058862727353325275 0.057625595527522548 0.03731372321408593 0.042364992900218258 0.014656880914023424
leaf_weight=0.43421185016632113 0.67909762263298012 2.1780115365982056 2.1493742763996129 0.47514632344245911 0.47060087323188782 0.70574052631855
leaf_count=2 3 10 10 2 2 3
internal_value=0 -0.0409612 0.0352863 -0.00794459 0.00819268 0.0511891
internal_weight=0 3.08282 4.00936 1.15424 0.904813 2.85511
internal_count=32 14 18 5 4 13
is_linear=0
shrinkage=0.05


Tree=13
num_leaves=6
num_cat=0
split_feature=1 6 13 3 5
split_gain=4.30504 2.25651 1.19086 0.484102 0.360264
threshold=1.0000000180025095e-35 322.00000000000006 -49707928.489448689 -19120.705010084912 16400.000000000004
decision_type=2 2 2 2 2
left_child=2 -2 -1 4 -3
right_child=1 3 -4 -5 -6
leaf_value=-0.022887938856870939 0.043595176708959335 0.025847635429627293 0.057697339037293988 -0.046076943902915744 -0.021715467110495847
leaf_weight=0.23188772797584567 0.48519866168498982 0.24337124824523959 2.3214432448148727 3.4700580388307571 0.2256661057472229
leaf_count=1 2 1 11 16 1
internal_value=0 -0.0273339 0.0475508 -0.040452 0.00359339
internal_weight=0 4.42429 2.55333 3.9391 0.469037
internal_count=32 20 12 18 2
is_linear=0
shrinkage=0.05


Tree=14
num_leaves=8
num_cat=0
split_feature=14 7 6 4 9 6 4
split_gain=4.24331 1.83662 1.46558 0.959858 0.669036 0.51923 0.240425
threshold=-60586158.956793331 251.00000000000003 322.00000000000006 -27844.503294911516 1.0000000180025095e-35 5857.5000000000009 -27844.503294911516
decision_type=2 2 2 2 2 2 2
left_child=2 3 -1 -2 -5 -4 -7
right_child=1 -3 5 4 -6 6 -8
leaf_value=0.03204200119782373 -0.020036051626708507 -0.033673159266514915 -0.057753394842652662 -0.0015094137078698801 0.060911496825667537 0.019995276955570795 -0.019308962761767523
leaf_weight=0.24948172271251712 0.21509931981563646 0.44613721966743458 2.3092022836208348 0.46147994697093997 2.7663363516330719 0.21481886506080627 0.20993156731128682
leaf_count=1 1 2 11 2 13 1 1
internal_value=0 0.0340438 -0.0392411 0.0463361 0.0530908 -0.0501287 0.000626427
internal_weight=0 3.88905 2.98343 3.44292 3.22782 2.73395 0.42475
internal_count=32 18 14 16 15 13 2
is_linear=0
shrinkage=0.05


Tree=15
num_leaves=8
num_cat=0
split_feature=1 5 10 5 0 5 5
split_gain=4.34079 1.1037 0.901437 1.74349 0.851512 0.752069 0.387783
threshold=1.0000000180025095e-35 16400.000000000004 560.50000000000011 5765.0000000000009 0.72916666666666685 479.50000000000006 1.0000000180025095e-35
decision_type=2 2 2 2 2 2 2
left_child=1 -1 4 5 -2 -4 -6
right_child=2 -3 3 -5 6 -7 -8
leaf_value=0.056150801309836997 -0.057174579833422161 -0.021875084889470368 -0.019672708309107056 -0.042561347508851599 -0.02025202814935307 0.048050565663031043 0.029610136272734712
leaf_weight=2.4093195796012883 1.9366495460271838 0.22656929492950428 0.21256087720394112 0.82395531237125386 0.21656614542007435 0.91697278618812561 0.2497192770242691
leaf_count=12 9 1 1 4 1 4 1
internal_value=0 0.0467598 -0.0280367 -0.00127672 -0.0453977 0.0329877 0.0080359
internal_weight=0 2.63589 4.35642 1.95349 2.40293 1.12953 0.466285
internal_count=33 13 20 9 11 5 2
is_linear=0
shrinkage=0.05


Tree=16
num_leaves=6
num_cat=0
split_feature=1 8 13 4 4
split_gain=4.0667 1.78168 1.06225 0.989601 0.63018
threshold=1.0000000180025095e-35 410.50000000000006 -49707928.489448689 25306.51307297657 -20751.748903345364
decision_type=2 2 2 2 2
left_child=2 3 -1 -2 -3
right_child=1 4 -4 -5 -6
leaf_value=-0.021605348235841915 -0.04992513038325605 0.041575676229482272 0.05502652132754024 0.021918569265439988 -0.020072937336608795
leaf_weight=0.22503271698951754 3.1657407730817799 0.67712324857711792 2.3487221449613571 0.22681228816509236 0.21535207331180561
leaf_count=1 15 3 12 1 1
internal_value=0 -0.0274007 0.0456364 -0.0426725 0.0246765
internal_weight=0 4.28503 2.57375 3.39255 0.892475
internal_count=33 20 13 16 4
is_linear=0
shrinkage=0.05


Tree=17
num_leaves=10
num_cat=0
split_feature=14 7 14 6 5 5 6 6 6
split_gain=3.77283 1.33657 0.91388 0.878532 0.667832 0.512862 0.235264 0.196628 0.247924
threshold=-68861220.440373778 251.00000000000003 -11993578.1507689 5857.5000000000009 1.0000000180025095e-35 1454.5000000000002 507.50000000000006 1942.0000000000002 5857.5000000000009
decision_type=2 2 2 2 2 2 2 2 2
left_child=3 2 5 -1 6 -2 -4 -7 -9
right_child=1 -3 4 -5 -6 7 -8 8 -10
leaf_value=-0.054626609286957166 0.029915908258718534 -0.03129473957688949 0.017034589988855913 0.018498540153603943 0.056550554313782246 -0.032202989229290324 -0.022181620106868125 0.022164955104142833 -0.017897352541764024
leaf_weight=2.0089444965124135 0.24986356496810891 0.42503733932971943 0.1915715038776401 0.20376226305961598 2.5580403357744217 0.43421833217144012 0.22825419902801514 0.22816427052021027 0.19891509413719177
leaf_count=10 1 2 1 1 13 2 1 1 1
internal_value=0 0.0269759 0.0361035 -0.045493 0.0485214 -0.00231378 -0.00477092 -0.0198257 0.00393023
internal_weight=0 4.51406 4.08903 2.21271 2.97787 1.11116 0.419826 0.861298 0.427079
internal_count=33 22 20 11 15 5 2 4 2
is_linear=0
shrinkage=0.05


Tree=18
num_leaves=8
num_cat=0
split_feature=8 4 5 0 4 3 5
split_gain=2.31337 2.74039 0.887024 0.869208 1.01344 0.495193 0.35731
threshold=221.50000000000003 16127.483005810582 2.5000000000000004 0.31250000000000028 16127.483005810582 -8739.1542703984305 1.0000000180025095e-35
decision_type=2 2 2 2 2 2 2
left_child=1 2 6 5 -5 -2 -1
right_child=3 -3 -4 4 -6 -7 -8
leaf_value=-0.0188145239405616 -0.032203542655975533 0.040246466493235669 -0.055957267717151975 0.053282661977524029 -0.021577279690768215 0.021889354558527353 0.029466307459189968
leaf_weight=0.20621819794178087 0.43593707680702209 0.78869682550430287 2.3672002553939819 2.0954362601041798 0.22486992180347432 0.22664918005466494 0.24963319301605225
leaf_count=1 2 4 12 11 1 1 1
internal_value=0 -0.0239599 -0.0456261 0.0309446 0.0432159 -0.0121325 0.00929207
internal_weight=0 3.61175 2.82305 2.98289 2.32031 0.662586 0.455851
internal_count=33 18 14 15 12 3 2
is_linear=0
shrinkage=0.05


Tree=19
num_leaves=6
num_cat=0
split_feature=1 7 12 12 3
split_gain=3.37797 1.90783 1.19029 0.913639 0.740703
threshold=1.0000000180025095e-35 68.500000000000014 1.0000000180025095e-35 2316.5000000000005 -16909.334111026834
decision_type=2 2 2 2 2
left_child=3 4 -3 -1 -2
right_child=1 2 -4 -5 -6
leaf_value=0.052122695451827274 -0.021380676641529563 0.010958885619285132 -0.055652256871871766 -0.02002026974078408 0.045169001782676993
leaf_weight=2.17515940964222 0.22371436655521393 0.6469567418098453 2.5030234456062317 0.21499089896678913 0.69248011708259571
leaf_count=12 1 3 13 1 3
internal_value=0 -0.0253739 -0.0423834 0.0430397 0.0269534
internal_weight=0 4.06617 3.14998 2.39015 0.916194
internal_count=33 20 16 13 4
is_linear=0
shrinkage=0.05


Tree=20
num_leaves=7
num_cat=0
split_feature=1 8 6 5 5 5
split_gain=3.00154 2.72219 1.58581 0.588867 0.38694 0.628114
threshold=1.0000000180025095e-35 410.50000000000006 322.00000000000006 131.50000000000003 2.5000000000000004 1.0000000180025095e-35
decision_type=2 2 2 2 2 2
left_child=-1 2 3 -2 5 -4
right_child=1 -3 4 -5 -6 -7
leaf_value=0.051194203818541201 -0.019212371976975787 0.046947348263691117 -0.031191287232570475 0.042487221506803868 -0.054430731836422303 0.028363073350154901
leaf_weight=2.1156565099954605 0.20921868085861239 0.88777452707290638 0.42491772770881686 0.46074859797954559 2.4208467155694962 0.24857506155967712
leaf_count=12 1 4 2 2 13 1
internal_value=0 -0.0140647 -0.0327114 0.0232371 -0.0465476 -0.00628857
internal_weight=0 4.65208 3.76431 0.669967 3.09434 0.673493
internal_count=35 23 19 3 16 3
is_linear=0
shrinkage=0.05


Tree=21
num_leaves=9
num_cat=0
split_feature=1 7 3 9 6 3 5 7
split_gain=2.81341 1.10611 0.780015 0.758296 0.954877 0.675015 0.438215 0.41972
threshold=1.0000000180025095e-35 68.500000000000014 -19120.705010084912 70.500000000000014 322.00000000000006 -16909.334111026834 1454.5000000000002 219.50000000000003
decision_type=2 2 2 2 2 2 2 2
left_child=-1 5 -3 6 7 -2 -4 -5
right_child=1 2 3 4 -6 -7 -8 -9
leaf_value=0.050305369532471125 -0.020468378626712247 0.025922753486249089 -0.021262089179630957 -0.018994132455239392 -0.05292342301389568 0.043409324668330578 0.029729400345644683 0.033834263997309898
leaf_weight=2.0568800270557404 0.21800385415554047 0.2435855716466907 0.22300443053245578 0.20758551359176669 2.3342921584844589 0.67723913490772236 0.41267144680023193 0.24743832647800446
leaf_count=12 1 1 1 1 13 3 2 1
internal_value=0 -0.0135344 -0.0253508 -0.0321588 -0.041923 0.0259446 0.0102439 0.0125549
internal_weight=0 4.56382 3.66858 3.42499 2.78932 0.895243 0.635676 0.455024
internal_count=35 23 19 18 15 4 3 2
is_linear=0
shrinkage=0.05


Tree=22
num_leaves=7
num_cat=0
split_feature=2 8 0 7 3 3
split_gain=2.63535 2.45711 1.26691 0.903107 0.435431 0.583473
threshold=1.0000000180025095e-35 410.50000000000006 0.72916666666666685 68.500000000000014 -16909.334111026834 1.0000000180025095e-35
decision_type=2 2 2 2 2 2
left_child=1 2 3 -1 -4 -6
right_child=-2 -3 4 -5 5 -7
leaf_value=0.018959609699440386 0.049452579870961549 0.045279076208443 -0.020226381791839342 -0.053894266119631141 0.046484796224740957 -0.017083689495817088
leaf_weight=0.20732431113720018 1.9989649802446363 0.86485241353511799 0.21639361977577209 2.5047998577356339 0.49513287842273701 0.1920013427734375
leaf_count=1 12 4 1 14 2 1
internal_value=0 -0.0129769 -0.0311563 -0.0460102 0.0139725 0.0290212
internal_weight=0 4.4805 3.61565 2.71212 0.903528 0.687134
internal_count=35 23 19 15 4 3
is_linear=0
shrinkage=0.05


Tree=23
num_leaves=7
num_cat=0
split_feature=8 4 0 10 6 4
split_gain=2.24744 1.89624 1.50301 0.926798 0.656903 0.52438
threshold=410.50000000000006 -3375.3923563011908 0.64583333333333359 429.00000000000006 1942.0000000000002 -28142.073048741051
decision_type=2 2 2 2 2 2
left_child=1 2 -1 5 -3 -4
right_child=-2 4 3 -5 -6 -7
leaf_value=-0.050908684106504336 0.050655562416640501 0.043498233246258032 -0.014379185770144409 -0.029244917041394782 -0.018775131492042105 0.048263250732654042
leaf_weight=2.0622636079788212 1.6342958658933637 1.1861359775066374 0.16636279225349426 0.40519315004348755 0.20591552555561055 0.67296473681926705
leaf_count=12 9 7 1 2 1 3
internal_value=0 -0.00972974 -0.0291644 0.0115128 0.0315174 0.0350496
internal_weight=0 4.69884 3.30678 1.24452 1.39205 0.839328
internal_count=35 26 18 6 8 4
is_linear=0
shrinkage=0.05


Tree=24
num_leaves=8
num_cat=0
split_feature=2 0 14 13 5 11 5
split_gain=2.34049 1.09276 0.886663 0.940547 0.552653 0.53239 0.0680503
threshold=1.0000000180025095e-35 0.72916666666666685 -60586158.956793331 -49707928.489448689 5765.0000000000009 1054.0000000000002 1.0000000180025095e-35
decision_type=2 2 2 2 2 2 2
left_child=1 2 -1 -4 6 -5 -3
right_child=-2 4 3 5 -6 -7 -8
leaf_value=-0.046772046161523896 0.047872924761136151 0.0070578519579661686 0.035406202878670405 -0.038704823072654118 -0.01964900030820492 0.018261827200946788 0.044347723800966944
leaf_weight=1.6208662539720533 1.8881795257329939 0.4257082939147947 0.5971229076385498 0.75327965617179893 0.2123921811580658 0.20188078284263611 0.49344520270824432
leaf_count=10 12 2 3 4 1 1 2
internal_value=0 -0.0122025 -0.0262445 0.00195525 0.0227908 -0.0243433 0.0363548
internal_weight=0 4.3047 3.17315 1.55228 1.13155 0.95516 0.919153
internal_count=35 23 18 8 5 5 4
is_linear=0
shrinkage=0.05


Tree=25
num_leaves=10
num_cat=0
split_feature=13 8 13 12 12 3 11 12 9
split_gain=2.16803 1.04622 0.396055 0.82987 0.495954 0.85457 0.466132 0.0968212 0.156868
threshold=-112189856.7765495 410.50000000000006 -302611.84927622956 239.00000000000003 677.50000000000011 -16909.334111026834 11.000000000000002 2316.5000000000005 7451.0000000000009
decision_type=2 2 2 2 2 2 2 2 2
left_child=-1 2 3 -2 5 -4 -5 -6 -9
right_child=1 -3 4 6 7 -7 -8 8 -10
leaf_value=-0.044769340672717789 0.031091690523523886 0.048212431420908045 0.02744725707958209 0.014657276437723219 0.03894435269478972 -0.035610400457833882 -0.041573280867661849 0.018060932113462214 -0.01446321738586656
leaf_weight=1.1886131167411802 0.24994294345378865 1.4142472594976423 0.45619735121726968 0.16917082667350758 0.71369999647140481 0.59921729564666837 1.0120391547679899 0.20025636255741119 0.16721507906913757
leaf_count=7 1 8 3 1 4 3 6 1 1
internal_value=0 0.0190455 0.00246345 -0.0147415 0.0146651 -0.00828149 -0.0313753 0.0322197 0.00345488
internal_weight=0 4.98199 3.56774 1.43115 2.13659 1.05541 1.18121 1.08117 0.367471
internal_count=35 28 20 8 12 6 7 6 2
is_linear=0
shrinkage=0.05


Tree=26
num_leaves=9
num_cat=0
split_feature=14 10 10 5 10 2 10 5
split_gain=2.45554 0.933075 0.681412 0.550675 0.201085 1.11209 0.352228 0.209327
threshold=-68861220.440373778 385.00000000000006 224.50000000000003 5765.0000000000009 560.50000000000011 1.0000000180025095e-35 224.50000000000003 1964.0000000000002
decision_type=2 2 2 2 2 2 2 2
left_child=1 2 -1 4 5 6 7 -2
right_child=3 -3 -4 -5 -6 -7 -8 -9
leaf_value=-0.024481343027963742 0.024861596520965146 -0.048045621200096505 0.036230245939452649 -0.018949085591230944 0.047609562796747891 0.04152484034485935 -0.033629438644163699 -0.013565204397480962
leaf_weight=0.34499700367450747 0.24020881950855355 1.6333619207143781 0.41776064038276672 0.20724453032016743 1.293371796607971 1.1944102495908737 0.56138859689235687 0.15794414281845093
leaf_count=2 1 10 2 1 7 8 3 1
internal_value=0 -0.0311703 0.0100318 0.0282597 0.0333722 0.0166918 -0.018151 0.0105933
internal_weight=0 2.39612 0.762758 3.65457 3.44732 2.15395 0.959542 0.398153
internal_count=35 14 4 21 20 13 5 2
is_linear=0
shrinkage=0.05


end of trees

feature_importances:
AirConditioner_daytime=25
ClothesWasher_midnight=20
RiceCooker_midnight=20
day_cos=15
age=14
day_sin=13
AirConditioner_midnight=13
ClothesWasher_daytime=12
edu_0=11
day_sin_*_AirConditioner_daytime=10
TV_daytime=9
day_sin_*_Microwave_daytime=9
Microwave_daytime=8
IH_daytime=8
edu_1=7

parameters:
[boosting: gbdt]
[objective: binary]
[metric: roc_auc]
[tree_learner: serial]
[device_type: cpu]
[data_sample_strategy: bagging]
[data: ]
[valid: ]
[num_iterations: 10000]
[learning_rate: 0.05]
[num_leaves: 15]
[num_threads: 0]
[seed: 0]
[deterministic: 0]
[force_col_wise: 0]
[force_row_wise: 0]
[histogram_pool_size: -1]
[max_depth: -1]
[min_data_in_leaf: 1]
[min_sum_hessian_in_leaf: 0.001]
[bagging_fraction: 0.880922]
[pos_bagging_fraction: 1]
[neg_bagging_fraction: 1]
[bagging_freq: 5]
[bagging_seed: 3]
[feature_fraction: 0.42868]
[feature_fraction_bynode: 1]
[feature_fraction_seed: 2]
[extra_trees: 0]
[extra_seed: 6]
[early_stopping_round: 0]
[early_stopping_min_delta: 0]
[first_metric_only: 0]
[max_delta_step: 0]
[lambda_l1: 0.000192421]
[lambda_l2: 0.565969]
[linear_lambda: 0]
[min_gain_to_split: 0]
[drop_rate: 0.1]
[max_drop: 50]
[skip_drop: 0.5]
[xgboost_dart_mode: 0]
[uniform_drop: 0]
[drop_seed: 4]
[top_rate: 0.2]
[other_rate: 0.1]
[min_data_per_group: 100]
[max_cat_threshold: 32]
[cat_l2: 10]
[cat_smooth: 10]
[max_cat_to_onehot: 4]
[top_k: 20]
[monotone_constraints: ]
[monotone_constraints_method: basic]
[monotone_penalty: 0]
[feature_contri: ]
[forcedsplits_filename: ]
[refit_decay_rate: 0.9]
[cegb_tradeoff: 1]
[cegb_penalty_split: 0]
[cegb_penalty_feature_lazy: ]
[cegb_penalty_feature_coupled: ]
[path_smooth: 0]
[interaction_constraints: ]
[verbosity: -1]
[saved_feature_importance_type: 0]
[use_quantized_grad: 0]
[num_grad_quant_bins: 4]
[quant_train_renew_leaf: 0]
[stochastic_rounding: 1]
[linear_tree: 0]
[max_bin: 255]
[max_bin_by_feature: ]
[min_data_in_bin: 3]
[bin_construct_sample_cnt: 200000]
[data_random_seed: 1]
[is_enable_sparse: 1]
[enable_bundle: 1]
[use_missing: 1]
[zero_as_missing: 0]
[feature_pre_filter: 1]
[pre_partition: 0]
[two_round: 0]
[header: 0]
[label_column: ]
[weight_column: ]
[group_column: ]
[ignore_column: ]
[categorical_feature: ]
[forcedbins_filename: ]
[precise_float_parser: 0]
[parser_config_file: ]
[objective_seed: 5]
[num_class: 1]
[is_unbalance: 0]
[scale_pos_weight: 1]
[sigmoid: 1]
[boost_from_average: 1]
[reg_sqrt: 0]
[alpha: 0.9]
[fair_c: 1]
[poisson_max_delta_step: 0.7]
[tweedie_variance_power: 1.5]
[lambdarank_truncation_level: 30]
[lambdarank_norm: 1]
[label_gain: ]
[lambdarank_position_bias_regularization: 0]
[eval_at: ]
[multi_error_top_k: 1]
[auc_mu_weights: ]
[num_machines: 1]
[local_listen_port: 12400]
[time_out: 120]
[machine_list_filename: ]
[machines: ]
[gpu_platform_id: -1]
[gpu_device_id: -1]
[gpu_use_dp: 0]
[num_gpu: 1]

end of parameters

pandas_categorical:null
