tree
version=v4
num_class=1
num_tree_per_iteration=1
label_index=0
max_feature_idx=14
objective=binary sigmoid:1
feature_names=age edu_0 edu_1 day_cos day_sin AirConditioner_daytime AirConditioner_midnight ClothesWasher_daytime ClothesWasher_midnight Microwave_daytime RiceCooker_midnight TV_daytime IH_daytime day_sin_*_AirConditioner_daytime day_sin_*_Microwave_daytime
feature_infos=[0.041666666666666963:0.95833333333333348] [0:1] [0:1] [-28179.98299971256:28158.01138283452] [-27964.437139298483:28253.00107148612] [0:17130] [22:5380] [13:471] [0:758] [1236:19784] [26:2719] [0:5842] [0:7665] [-375433682.93360162:205919764.28976679] [-441850191.8419171:291183793.24839509]
tree_sizes=820 898 854 1055 1262 1164 1264 1166 1169 1251 1276 1273

Tree=0
num_leaves=8
num_cat=0
split_feature=0 3 9 0 5 8 3
split_gain=6.63433 3.8945 3.42619 4.79382 1.63557 1.1983 1.1983
threshold=0.31250000000000028 18941.386524025882 8067.0000000000009 0.68750000000000011 6659.0000000000009 228.50000000000003 24656.793408195579
decision_type=2 2 2 2 2 2 2
left_child=4 2 3 5 -1 -2 -3
right_child=1 6 -4 -5 -6 -7 -8
leaf_value=-0.099975176478928798 0 -0.099925538144021664 0.099962765806893061 0.09992553814402165 0 -0.099925538144021622 0
leaf_weight=2.2500000000000004 0.50000000000000067 0.74999999999999978 1.4999999999999998 0.74999999999999989 0.49999999999999989 0.75 0.5
leaf_count=9 2 3 6 3 2 3 2
internal_value=0 0.01578 0.0428433 0 -0.0817987 -0.0599595 -0.0599595
internal_weight=0 4.75 3.5 2 2.75 1.25 1.25
internal_count=30 19 14 8 11 5 5
is_linear=0
shrinkage=0.05


Tree=1
num_leaves=8
num_cat=0
split_feature=0 3 9 12 5 0 12
split_gain=6.00027 3.52172 3.101 4.48788 1.48296 1.18059 1.12112
threshold=0.31250000000000028 18941.386524025882 8067.0000000000009 720.50000000000011 6659.0000000000009 0.56250000000000033 617.00000000000011
decision_type=2 2 2 2 2 2 2
left_child=4 2 3 6 -1 -3 -2
right_child=1 5 -4 -5 -6 -7 -8
leaf_value=-0.095218382866440895 0 0.0024130322581222999 0.095206645062952608 -0.096758769608286485 0 -0.096758769608286457 0.096758769608286457
leaf_weight=2.2443872094154362 0.49875393509864829 0.49937696754932381 1.4962590336799619 0.74875393509864796 0.49999999999999989 0.74875393509864807 0.74875393509864807
leaf_count=9 2 2 6 3 2 3 3
internal_value=0 0.0150208 0.0407903 0 -0.0778714 -0.0570499 0.0580787
internal_weight=0 4.74065 3.49252 1.99626 2.74439 1.24813 1.24751
internal_count=30 19 14 8 11 5 5
is_linear=0
shrinkage=0.05


Tree=2
num_leaves=7
num_cat=0
split_feature=14 11 5 11 14 5
split_gain=5.07415 4.53804 5.31886 4.9729 1.24056 3.53307
threshold=32333360.249705311 766.00000000000011 12340.000000000002 1.0000000180025095e-35 -44618213.304250322 1.0000000180025095e-35
decision_type=2 2 2 2 2 2
left_child=1 3 -3 4 -1 -6
right_child=-2 2 -4 -5 5 -7
leaf_value=-0.093110752278047826 -0.092988577325426786 -0.092286049885162313 0.093158812692364978 0.09220901824072586 -0.090992741483665443 0.097454074724780043
leaf_weight=0.49700435996055603 1.7375845462083814 1.7368894219398501 0.49705010652542103 1.9833671003580091 0.49523146450519584 0.49937660992145538
leaf_count=2 7 7 2 8 2 2
internal_value=0 0.00458636 -0.0510025 0.0403353 -0.0286135 0.0035808
internal_weight=0 5.70892 2.23394 3.47498 1.49161 0.994608
internal_count=30 23 9 14 6 4
is_linear=0
shrinkage=0.05


Tree=3
num_leaves=9
num_cat=0
split_feature=0 8 10 4 8 3 9 2
split_gain=10.5056 4.30751 2.83808 1.40462 1.17441 0.790898 0.0622881 0.0396118
threshold=0.31250000000000028 1.0000000180025095e-35 1209.5000000000002 -16023.639061678377 31.000000000000004 18941.386524025882 3340.5000000000005 1.0000000180025095e-35
decision_type=2 2 2 2 2 2 2 2
left_child=3 -2 4 -1 -3 6 7 -6
right_child=1 2 -4 -5 5 -7 -8 -9
leaf_value=0.0047692001912241402 -0.093550360957880177 0.0020858218248298657 -0.03062931959893557 -0.088380850599091954 0.091240964965316862 0.036688214751634661 0.088370941926271346 0.11040327325340032
leaf_weight=0.49441950023174319 0.49482248723506916 0.49710279703140248 0.73750774562358845 2.2086023241281509 0.49551838636398338 0.7464393526315688 2.2085947394371033 0.74325092136859894
leaf_count=2 2 2 3 9 2 3 9 3
internal_value=0 0.0476248 0.0605033 -0.0713272 0.0748408 0.0834541 0.0935659 0.102783
internal_weight=0 5.92324 5.42841 2.70302 4.69091 4.1938 3.44736 1.23877
internal_count=35 24 22 11 19 17 14 5
is_linear=0
shrinkage=0.05


Tree=4
num_leaves=11
num_cat=0
split_feature=0 8 10 5 8 7 0 9 10 9
split_gain=9.56737 3.91472 2.58175 1.21979 1.07461 0.40111 0.852809 0.0639839 0.000124849 0.00327715
threshold=0.31250000000000028 1.0000000180025095e-35 1209.5000000000002 6659.0000000000009 31.000000000000004 209.50000000000003 0.4791666666666668 3340.5000000000005 479.50000000000006 12181.500000000002
decision_type=2 2 2 2 2 2 2 2 2 2
left_child=3 -2 4 -1 -3 7 -7 -6 -9 -10
right_child=1 2 -4 -5 5 6 -8 8 9 -11
leaf_value=-0.084682548000808711 -0.08968818600961978 0.0019814677071680188 -0.029133807227817079 0.0020240103136808536 0.10408313305113773 0.085999673699825474 0.0054672539344745542 0.08425702329335856 0.092504051452697009 0.084227320355784827
leaf_weight=2.1759836822748189 0.49043522775173176 0.49712441861629475 0.73662614822387684 0.49736841022968281 0.74880440533161197 0.97300615906715371 0.49823786318302155 0.96538129448890664 0.49673978984355927 0.48275867104530334
leaf_count=9 2 2 3 2 3 4 2 4 2 2
internal_value=0 0.0455144 0.0578065 -0.0685358 0.0715531 0.0798466 0.0587593 0.0913448 0.0864117 0.0884802
internal_weight=0 5.88911 5.39868 2.67335 4.66205 4.16493 1.47124 2.69368 1.94488 0.979498
internal_count=35 24 22 11 19 17 6 11 8 4
is_linear=0
shrinkage=0.05


Tree=5
num_leaves=10
num_cat=0
split_feature=0 8 10 8 12 0 9 8 10
split_gain=8.7397 3.56949 2.35856 0.99048 1.15599 0.823397 0.0313894 0.0187881 0.000465566
threshold=0.31250000000000028 1.0000000180025095e-35 1209.5000000000002 31.000000000000004 380.00000000000006 0.18750000000000025 2557.5000000000005 90.000000000000014 571.50000000000011
decision_type=2 2 2 2 2 2 2 2 2
left_child=5 -2 3 -3 -5 -1 -6 -8 -7
right_child=1 2 -4 4 6 8 7 -9 -10
leaf_value=-0.020533291215521211 -0.086305721623319426 0.0018823444977076915 -0.027721427058103338 0.0051923907095866905 0.098723980015541488 -0.086006449785865774 0.094172125872516679 0.082685277885391317 -0.081493136541312183
leaf_weight=0.72371028363704692 0.48432929813861836 0.49714396893978108 0.73548409342765797 0.49838480353355397 0.499930560588837 0.72700591385364544 0.49670875072479281 2.6262841373682022 1.185917869210243
leaf_count=3 2 2 3 2 2 3 2 11 5
internal_value=0 0.0436299 0.0553939 0.0686396 0.0766817 -0.0660437 0.0865038 0.0845298 -0.0832365
internal_weight=0 5.83827 5.35394 4.61845 4.12131 2.63663 3.62292 3.12299 1.91292
internal_count=35 24 22 19 17 11 15 13 8
is_linear=0
shrinkage=0.05


Tree=6
num_leaves=11
num_cat=0
split_feature=14 8 6 14 6 8 3 12 6 3
split_gain=4.59324 2.34385 1.73122 2.46246 2.71029 1.29628 2.93504 0.991708 0.0202529 0.000390206
threshold=32333360.249705311 1.0000000180025095e-35 1173.0000000000002 -44618213.304250322 1288.5000000000002 228.50000000000003 -14687.180308506113 380.00000000000006 583.00000000000011 -22525.472072679073
decision_type=2 2 2 2 2 2 2 2 2 2
left_child=1 -1 7 4 -4 -6 -7 -3 -9 -2
right_child=9 2 3 -5 5 6 -8 8 -10 -11
leaf_value=-0.083321539014278675 -0.080771224717944554 0.0049314922029584192 -0.081632429684994567 -0.093273166452369036 0.079978173231196353 -0.08344274398808825 0.090548876580030371 0.094433749513983867 0.081466788773139773 -0.08641070559183453
leaf_weight=0.47678510844707478 0.47207272052764893 0.49851752817630801 0.47384811937809024 0.49524062871933017 1.4053783714771273 0.47767411172389984 0.49173316359519947 0.49832879006862629 1.1769343912601469 0.72600808739662148
leaf_count=2 2 2 2 2 6 2 2 2 5 3
internal_value=0 0.0229985 0.0321952 0.00959808 0.0275009 0.0492979 0.00477101 0.0669336 0.0853566 -0.0842334
internal_weight=0 5.99444 5.51766 3.34387 2.84863 2.37479 0.969407 2.17378 1.67526 1.19808
internal_count=30 25 23 14 12 10 4 9 7 5
is_linear=0
shrinkage=0.05


Tree=7
num_leaves=10
num_cat=0
split_feature=13 10 6 11 8 11 2 5 5
split_gain=4.60114 3.94872 4.17034 4.02531 1.0663 0.0210597 0.0371441 0.00762914 0.00364767
threshold=812786.89106347517 628.50000000000011 1173.0000000000002 1.0000000180025095e-35 90.000000000000014 163.00000000000003 1.0000000180025095e-35 243.50000000000003 6659.0000000000009
decision_type=2 2 2 2 2 2 2 2 2
left_child=1 3 -3 -1 -5 6 -6 -2 -4
right_child=7 2 8 4 5 -7 -8 -9 -10
leaf_value=-0.085220452354017512 -0.078373078423664075 0.0888744407562021 -0.076656282157322703 0.0015867923840747668 0.097357313596866363 0.077935964418720971 0.076709350154655714 -0.088167471637446981 -0.083585623773543893
leaf_weight=0.47467252612113986 0.46243879199027993 0.49217142164707173 0.68104769289493539 0.4929270148277286 0.49805282056331668 2.0669334977865219 0.45450332760810852 0.73372773826122284 0.72091010212898254
leaf_count=2 2 2 3 2 2 9 2 3 3
internal_value=0 0.0231418 -0.0362845 0.0513842 0.0698598 0.0809905 0.0875621 -0.0844257 -0.0802574
internal_weight=0 5.88122 1.89413 3.98709 3.51242 3.01949 0.952556 1.19617 1.40196
internal_count=30 25 8 17 15 13 4 5 6
is_linear=0
shrinkage=0.05


Tree=8
num_leaves=10
num_cat=0
split_feature=13 10 6 11 4 6 4 4 0
split_gain=4.22995 3.63225 3.83804 3.70103 0.893245 0.0438255 0.00800867 0.00535538 0.00230129
threshold=812786.89106347517 628.50000000000011 1173.0000000000002 1.0000000180025095e-35 -1.0000000180025095e-35 1074.0000000000002 -24340.964706919371 14164.341585356038 0.3541666666666668
decision_type=2 2 2 2 2 2 2 2 2
left_child=1 3 -3 -1 5 -5 -7 -2 -4
right_child=7 2 8 4 -6 6 -8 -9 -10
leaf_value=-0.082413413321141937 -0.084959281650256291 0.085560300853402049 -0.074682012179601256 0.094172030609133636 0.016544330407757848 0.083907065131489988 0.075391103626850073 -0.076223634201132873 -0.080887895145127287
leaf_weight=0.4665075242519382 0.72361868619918801 0.48583550751209248 0.66452078521251656 0.49726799130439792 0.68839618563652072 0.47900678217411119 1.7862738668918603 0.45197349786758423 0.70803362131118774
leaf_count=2 3 2 3 2 3 2 8 2 3
internal_value=0 0.0223962 -0.035157 0.0497099 0.0675855 0.0802875 0.0772155 -0.081646 -0.0779219
internal_weight=0 5.77584 1.85839 3.91745 3.45094 2.76255 2.26528 1.17559 1.37255
internal_count=30 25 8 17 15 12 10 5 6
is_linear=0
shrinkage=0.05


Tree=9
num_leaves=11
num_cat=0
split_feature=13 9 1 5 4 4 4 5 0 9
split_gain=4.11548 2.79815 1.86335 1.58795 0.757033 0.584007 0.572954 0.892542 0.0112551 0.0107463
threshold=-47696117.857287578 2557.5000000000005 1.0000000180025095e-35 243.50000000000003 -2916.0913225270292 -1.0000000180025095e-35 -26090.53043990691 6659.0000000000009 0.3541666666666668 9365.0000000000018
decision_type=2 2 2 2 2 2 2 2 2 2
left_child=6 5 3 -3 -5 -2 -1 -8 -4 -10
right_child=1 2 8 4 -6 -7 7 -9 9 -11
leaf_value=0.00018698299897992052 0.0051537661122989676 0.073570562706920889 -0.074892497611462522 -0.085242840914521126 0.0050570955450939181 0.083701993549706782 0 0.082100920281847303 -0.087034849125452063 -0.075810132426804677
leaf_weight=0.45528294146060977 0.46779781579971313 0.43611840903759025 1.1057940572500231 0.48498718440532684 0.4433758407831192 0.48135152459144581 0.43138018250465382 1.4148720800876615 0.72696532309055306 0.44604481756687164
leaf_count=2 2 2 5 2 2 2 2 6 3 2
internal_value=0 -0.0313969 -0.0513229 -0.00507799 -0.042076 0.0450398 0.0505188 0.0629065 -0.0789923 -0.082812
internal_weight=0 4.59243 3.64329 1.36448 0.928363 0.949149 2.30154 1.84625 2.2788 1.17301
internal_count=30 20 16 6 4 4 10 8 10 5
is_linear=0
shrinkage=0.05


Tree=10
num_leaves=11
num_cat=0
split_feature=13 9 10 1 10 13 3 1 9 8
split_gain=3.77202 2.5741 1.91016 1.73331 1.69156 0.58906 0.543231 0.00599869 0.00527475 0.0164262
threshold=-47696117.857287578 2557.5000000000005 896.00000000000011 1.0000000180025095e-35 515.00000000000011 -2465300.3831564831 1.0000000180025095e-35 1.0000000180025095e-35 9365.0000000000018 49.500000000000007
decision_type=2 2 2 2 2 2 2 2 2 2
left_child=2 6 7 4 5 -3 -2 -1 9 -5
right_child=1 3 -4 8 -6 -7 -8 -9 -10 -11
leaf_value=0.084080507846473196 0.080985684274536049 -0.082355320642899466 -0.021818906595628209 -0.074062134772171898 0.075022941173922497 -0.0012826865315458884 0.0048950741256439294 0.07590762503937587 -0.073660669437074153 -0.087247508867540624
leaf_weight=0.48237252235412609 0.47283965349197377 0.47709424793720245 0.67574545741081227 0.65670923888683341 0.44337351620197296 0.42438974976539634 0.46789796650409698 1.1156770437955856 1.082707419991493 0.48842664062976837
leaf_count=2 2 2 3 3 2 2 2 5 5 2
internal_value=0 -0.0303654 0.0486034 -0.0497468 -0.00488744 -0.044242 0.0431916 0.0784081 -0.0768054 -0.0797327
internal_weight=0 4.51344 2.2738 3.5727 1.34486 0.901484 0.940738 1.59805 2.22784 1.14514
internal_count=30 20 10 16 6 4 4 7 10 5
is_linear=0
shrinkage=0.05


Tree=11
num_leaves=11
num_cat=0
split_feature=0 2 8 10 12 5 8 5 2 5
split_gain=3.60085 2.1039 2.54521 3.06321 1.08236 0.859001 0.00452266 0.00352056 0.00197738 0.000481091
threshold=0.31250000000000028 1.0000000180025095e-35 116.50000000000001 515.00000000000011 457.50000000000006 6659.0000000000009 49.500000000000007 4808.5000000000009 1.0000000180025095e-35 6659.0000000000009
decision_type=2 2 2 2 2 2 2 2 2 2
left_child=5 2 6 7 -3 8 -2 -4 -1 -6
right_child=1 4 3 -5 9 -7 -8 -9 -10 -11
leaf_value=-0.070800768305942813 -0.072123884792536883 -0.009830350639760942 0.079103827787821254 -0.07876033107161079 0.076138570770007186 0.0040379727031562848 -0.081292049869557195 0.071380141604881014 -0.076190173934072555 0.080823836367514862
leaf_weight=1.0372498929500582 0.42257143557071719 0.44465714693069491 0.46216741204261758 0.46265657246112812 0.89706316590309121 0.45819051563739766 0.46736569702625275 0.63038870692253113 0.67439739406108845 0.70802240073680878
leaf_count=5 2 2 2 2 4 2 2 3 3 3
internal_value=0 0.0217502 -0.00955469 0.0290141 0.0591131 -0.0566778 -0.076998 0.0746956 -0.0729549 0.0782384
internal_weight=0 4.49489 2.44515 1.55521 2.04974 2.16984 0.889937 1.09256 1.71165 1.60509
internal_count=30 20 11 7 9 10 4 5 8 7
is_linear=0
shrinkage=0.05


end of trees

feature_importances:
ClothesWasher_midnight=14
age=12
AirConditioner_daytime=12
Microwave_daytime=10
RiceCooker_midnight=10
day_cos=7
day_sin=7
AirConditioner_midnight=6
TV_daytime=5
IH_daytime=5
day_sin_*_AirConditioner_daytime=5
edu_1=4
day_sin_*_Microwave_daytime=4
edu_0=3
ClothesWasher_daytime=1

parameters:
[boosting: gbdt]
[objective: binary]
[metric: roc_auc]
[tree_learner: serial]
[device_type: cpu]
[data_sample_strategy: bagging]
[data: ]
[valid: ]
[num_iterations: 10000]
[learning_rate: 0.05]
[num_leaves: 11]
[num_threads: 0]
[seed: 0]
[deterministic: 0]
[force_col_wise: 0]
[force_row_wise: 0]
[histogram_pool_size: -1]
[max_depth: -1]
[min_data_in_leaf: 2]
[min_sum_hessian_in_leaf: 0.001]
[bagging_fraction: 0.772168]
[pos_bagging_fraction: 1]
[neg_bagging_fraction: 1]
[bagging_freq: 3]
[bagging_seed: 3]
[feature_fraction: 0.610566]
[feature_fraction_bynode: 1]
[feature_fraction_seed: 2]
[extra_trees: 0]
[extra_seed: 6]
[early_stopping_round: 0]
[early_stopping_min_delta: 0]
[first_metric_only: 0]
[max_delta_step: 0]
[lambda_l1: 0.000854003]
[lambda_l2: 0.00013156]
[linear_lambda: 0]
[min_gain_to_split: 0]
[drop_rate: 0.1]
[max_drop: 50]
[skip_drop: 0.5]
[xgboost_dart_mode: 0]
[uniform_drop: 0]
[drop_seed: 4]
[top_rate: 0.2]
[other_rate: 0.1]
[min_data_per_group: 100]
[max_cat_threshold: 32]
[cat_l2: 10]
[cat_smooth: 10]
[max_cat_to_onehot: 4]
[top_k: 20]
[monotone_constraints: ]
[monotone_constraints_method: basic]
[monotone_penalty: 0]
[feature_contri: ]
[forcedsplits_filename: ]
[refit_decay_rate: 0.9]
[cegb_tradeoff: 1]
[cegb_penalty_split: 0]
[cegb_penalty_feature_lazy: ]
[cegb_penalty_feature_coupled: ]
[path_smooth: 0]
[interaction_constraints: ]
[verbosity: -1]
[saved_feature_importance_type: 0]
[use_quantized_grad: 0]
[num_grad_quant_bins: 4]
[quant_train_renew_leaf: 0]
[stochastic_rounding: 1]
[linear_tree: 0]
[max_bin: 255]
[max_bin_by_feature: ]
[min_data_in_bin: 3]
[bin_construct_sample_cnt: 200000]
[data_random_seed: 1]
[is_enable_sparse: 1]
[enable_bundle: 1]
[use_missing: 1]
[zero_as_missing: 0]
[feature_pre_filter: 1]
[pre_partition: 0]
[two_round: 0]
[header: 0]
[label_column: ]
[weight_column: ]
[group_column: ]
[ignore_column: ]
[categorical_feature: ]
[forcedbins_filename: ]
[precise_float_parser: 0]
[parser_config_file: ]
[objective_seed: 5]
[num_class: 1]
[is_unbalance: 0]
[scale_pos_weight: 1]
[sigmoid: 1]
[boost_from_average: 1]
[reg_sqrt: 0]
[alpha: 0.9]
[fair_c: 1]
[poisson_max_delta_step: 0.7]
[tweedie_variance_power: 1.5]
[lambdarank_truncation_level: 30]
[lambdarank_norm: 1]
[label_gain: ]
[lambdarank_position_bias_regularization: 0]
[eval_at: ]
[multi_error_top_k: 1]
[auc_mu_weights: ]
[num_machines: 1]
[local_listen_port: 12400]
[time_out: 120]
[machine_list_filename: ]
[machines: ]
[gpu_platform_id: -1]
[gpu_device_id: -1]
[gpu_use_dp: 0]
[num_gpu: 1]

end of parameters

pandas_categorical:null
