tree
version=v4
num_class=1
num_tree_per_iteration=1
label_index=0
max_feature_idx=14
objective=binary sigmoid:1
feature_names=age edu_0 edu_1 day_cos day_sin AirConditioner_daytime AirConditioner_midnight ClothesWasher_daytime ClothesWasher_midnight Microwave_daytime RiceCooker_midnight TV_daytime IH_daytime day_sin_*_AirConditioner_daytime day_sin_*_Microwave_daytime
feature_infos=[0.083333333333333481:1] [0:1] [0:1] [-27866.643298010902:28258.499601179032] [-27437.955337222393:28225.775511589902] [0:15896] [163:3213] [0:473] [0:498] [11:19443] [0:2412] [0:8137] [0:5813] [-377953299.39015234:163681641.12204319] [-515227766.96007264:300039993.68820065]
tree_sizes=939 776 607 628 980 813 795 913 726 672 798 798 529 799 717 629 1000 809 632

Tree=0
num_leaves=9
num_cat=0
split_feature=5 9 12 3 8 5 3 9
split_gain=3.27531 1.82723 1.27103 0.715369 0.459581 0.214689 0.0576656 0.0288328
threshold=7668.0000000000009 1438.5000000000002 3581.0000000000005 -24714.445789822184 389.50000000000006 13967.000000000002 -26873.868425122655 14824.500000000002
decision_type=2 2 2 2 2 2 2 2
left_child=1 -1 3 6 -5 -2 -3 -4
right_child=5 2 7 4 -6 -7 -8 -9
leaf_value=0.012972822271306157 0.034439390834090047 -0.0051054214156325958 0 -0.050160843497368296 0 0 0.0051054214156325967 0.0051054214156325958
leaf_weight=0.74999999999999989 2.5000000000000004 0.50000000000000011 0.74999999999999978 3.0000000000000009 0.49999999999999989 0.49999999999999989 0.49999999999999944 0.5
leaf_count=3 10 2 3 12 2 2 2 2
internal_value=0 -0.0187234 -0.0298323 -0.0390394 -0.0458107 0.0311691 0 0
internal_weight=0 6.5 5.75 4.5 3.5 3 1 1.25
internal_count=38 26 23 18 14 12 4 5
is_linear=0
shrinkage=0.05


Tree=1
num_leaves=7
num_cat=0
split_feature=0 12 3 11 3 0
split_gain=5.3655 2.72843 2.25501 0.338432 0.0248628 0.0286835
threshold=0.83333333333333359 3581.0000000000005 28178.939188251064 762.50000000000011 -18506.227927322183 0.56250000000000011
decision_type=2 2 2 2 2 2
left_child=1 2 -1 -2 -3 -6
right_child=3 4 -4 -5 5 -7
leaf_value=-0.051050779408084251 0 0 0.0049881849776975814 0.044187735011601774 0.012930509187159581 0
leaf_weight=4.2481935173273087 0.49983228743076358 0.49992588162422169 0.49997895956039418 2.4994038045406342 0.74999675154685952 0.5
leaf_count=17 2 2 2 10 3 2
internal_value=0 -0.0237813 -0.0403288 0.0400808 0.00960328 0.0110914
internal_weight=0 6.4981 4.74817 2.99924 1.74992 1.25
internal_count=38 26 19 12 7 5
is_linear=0
shrinkage=0.05


Tree=2
num_leaves=5
num_cat=0
split_feature=5 9 9 9
split_gain=2.87894 1.67727 0.913769 0.189959
threshold=7668.0000000000009 1438.5000000000002 14824.500000000002 8371.5000000000018
decision_type=2 2 2 2
left_child=1 -1 -3 -2
right_child=3 2 -4 -5
leaf_value=0.012770356749396845 0.032821405923211415 -0.034279226513636643 0 0
leaf_weight=0.74994915723800648 2.4968844354152684 4.9919518679380417 0.74979653954505909 0.49976307153701771
leaf_count=3 10 20 3 2
internal_value=0 -0.0170377 -0.0279237 0.0297437
internal_weight=0 6.4917 5.74175 2.99665
internal_count=38 26 23 12
is_linear=0
shrinkage=0.05


Tree=3
num_leaves=5
num_cat=0
split_feature=0 4 3 8
split_gain=4.83121 1.40964 1.69445 0.305091
threshold=0.83333333333333359 -25203.501191496329 28178.939188251064 87.500000000000014
decision_type=2 2 2 2
left_child=1 -1 -3 -2
right_child=3 2 -4 -5
leaf_value=0.0048365398860409506 0 -0.040397382213106209 0.0048278328318879238 0.042572196082114322
leaf_weight=0.99874205887317646 0.4995134919881824 4.9863921403884888 0.49988195300102223 2.4937742650508881
leaf_count=4 2 20 2 10
internal_value=0 -0.021948 -0.0314412 0.0386678
internal_weight=0 6.48502 5.48627 2.99329
internal_count=38 26 22 12
is_linear=0
shrinkage=0.05


Tree=4
num_leaves=9
num_cat=0
split_feature=9 11 7 14 8 7 9 14
split_gain=1.73202 1.46511 1.37326 0.206069 0.127726 0.0395675 0.0109944 0.00407794
threshold=7319.5000000000009 762.50000000000011 129.50000000000003 -29484283.679320805 129.50000000000003 129.50000000000003 10565.000000000002 -1.0000000180025095e-35
decision_type=2 2 2 2 2 2 2 2
left_child=1 4 -2 6 5 -1 -4 -5
right_child=2 -3 3 7 -6 -7 -8 -9
leaf_value=0 -0.035366907554657497 0.034891185966236207 0 -0.0035243527287435275 0 -0.011987319791250164 0.012150473060083905 0
leaf_weight=0.49803496897220589 1.9898466318845747 2.7358476221561432 0.49893389642238606 0.49615275859832764 0.74791836738586415 0.74845154583454132 1.2469714581966398 0.49965000152587924
leaf_count=2 8 11 2 2 3 3 5 2
internal_value=0 0.0186781 -0.0164328 0 -0.00186702 -0.00975456 0.0110643 -0.00271882
internal_weight=0 4.73025 4.73155 2.74171 1.9944 1.24649 1.74591 0.995803
internal_count=38 19 19 11 8 5 7 4
is_linear=0
shrinkage=0.05


Tree=5
num_leaves=7
num_cat=0
split_feature=10 8 10 13 8 1
split_gain=1.49601 1.16028 1.15612 0.648512 0.488373 0.16558
threshold=924.00000000000011 87.500000000000014 196.50000000000003 2972072.4704868342 212.00000000000003 1.0000000180025095e-35
decision_type=2 2 2 2 2 2
left_child=1 3 -3 -1 -4 -2
right_child=5 2 4 -5 -6 -7
leaf_value=-0.022425647686568028 0 -0.0041519517535076886 0.036785616949217247 0.0049649409464464561 0 -0.027290018086744784
leaf_weight=1.2407183051109312 0.49897886812686887 0.49799460172653187 3.728793203830719 0.49995680153369892 1.4939761906862257 1.4899424016475677
leaf_count=5 2 2 15 2 6 6
internal_value=0 0.0118122 0.022513 -0.00724306 0.0303341 -0.0236664
internal_weight=0 7.46144 5.72076 1.74068 5.22277 1.98892
internal_count=38 30 23 7 21 8
is_linear=0
shrinkage=0.05


Tree=6
num_leaves=7
num_cat=0
split_feature=5 2 6 12 6 14
split_gain=2.35443 1.28462 0.980944 0.93103 1.26289 0.146167
threshold=7668.0000000000009 1.0000000180025095e-35 692.00000000000011 4533.5000000000009 497.00000000000006 -76331122.745395124
decision_type=2 2 2 2 2 2
left_child=1 3 -3 4 -1 -2
right_child=5 2 -4 -5 -6 -7
leaf_value=0 0 -0.011037334718762443 0.024809356453186573 0 -0.045022293323891308 0.029961418734038448
leaf_weight=0.74866881966590915 0.49943472445011172 0.74528364837169636 1.2470350563526151 0.74919798970222462 2.9720360338687897 2.4746367633342743
leaf_count=3 2 3 5 3 12 10
internal_value=0 -0.0151243 0.00423475 -0.0276024 -0.0352998 0.0272466
internal_weight=0 6.46222 1.99232 4.4699 3.7207 2.97407
internal_count=38 26 8 18 15 12
is_linear=0
shrinkage=0.05


Tree=7
num_leaves=8
num_cat=0
split_feature=10 8 10 8 2 3 3
split_gain=1.35612 1.04251 1.10537 0.405832 0.149415 0.0664515 0.0440987
threshold=924.00000000000011 87.500000000000014 196.50000000000003 212.00000000000003 1.0000000180025095e-35 -18506.227927322183 27629.604270747677
decision_type=2 2 2 2 2 2 2
left_child=1 5 -3 -4 -2 -1 -5
right_child=4 2 3 6 -6 -7 -8
leaf_value=-0.010571447147630482 -0.026075680385840679 -0.0042009580809180868 0.035140665347740886 0.0050698974887017686 0 0 -0.0030919480402980554
leaf_weight=0.74272798001766205 1.4804005920886991 0.49772517383098591 3.7128199487924576 0.99743585288524605 0.49881251156330098 0.9901209622621534 0.49375611543655396
leaf_count=3 6 2 15 4 2 4 2
internal_value=0 0.0112005 0.0214131 0.0291977 -0.0226282 -0.00652156 0
internal_weight=0 7.43459 5.70174 5.20401 1.97921 1.73285 1.49119
internal_count=38 30 23 21 8 7 6
is_linear=0
shrinkage=0.05


Tree=8
num_leaves=6
num_cat=0
split_feature=0 3 6 9 9
split_gain=3.93612 1.01391 0.976742 0.0283582 0.00704494
threshold=0.83333333333333359 28178.939188251064 1148.5000000000002 14824.500000000002 11741.000000000002
decision_type=2 2 2 2 2
left_child=1 2 -1 4 -4
right_child=-2 -3 3 -5 -6
leaf_value=-0.03674569154129418 0.034937388020040032 0.0041368259696836366 0 0.0047433686662701749 -0.0030869578657442623
leaf_weight=3.9571091383695602 2.9513083696365356 0.49855864048004139 0.99689242243766762 0.49979913234710682 0.49355681240558624
leaf_count=16 12 2 4 2 2
internal_value=0 -0.0199658 -0.026939 0 -0.00152012
internal_weight=0 6.44592 5.94736 1.99025 1.49045
internal_count=38 26 24 8 6
is_linear=0
shrinkage=0.05


Tree=9
num_leaves=6
num_cat=0
split_feature=0 9 5 9 5
split_gain=3.69062 0.592026 0.771972 0.957239 0.229044
threshold=0.83333333333333359 14824.500000000002 12275.500000000002 1438.5000000000002 2082.5000000000005
decision_type=2 2 2 2 2
left_child=1 2 3 -1 -2
right_child=4 -3 -4 -5 -6
leaf_value=0 0 0 0 -0.03735573383382456 0.037443511390039229
leaf_weight=0.7482813000679015 0.49789854884147677 0.74785315990447987 0.74920335412025441 4.1861255317926407 2.4416437149047852
leaf_count=3 2 3 3 17 10
internal_value=0 -0.0191812 -0.0242637 -0.0302992 0.0340278
internal_weight=0 6.43146 5.68361 4.93441 2.93954
internal_count=38 26 23 20 12
is_linear=0
shrinkage=0.05


Tree=10
num_leaves=7
num_cat=0
split_feature=9 4 4 8 13 13
split_gain=1.19014 0.957289 0.771292 0.66546 0.175364 0.170603
threshold=7319.5000000000009 -25203.501191496329 -15009.309686037474 87.500000000000014 2972072.4704868342 -44224128.905633509
decision_type=2 2 2 2 2 2
left_child=2 -2 -1 -4 5 -3
right_child=1 4 3 -5 -6 -7
leaf_value=-0.0029095794841902181 0.0048923903440931723 0 0 0.030405349912716834 0 -0.030033165761423054
leaf_weight=0.49128863215446461 0.9970095008611678 0.49920412898063693 0.74369026720523823 3.420816034078598 0.49829721450805653 2.687047272920609
leaf_count=2 4 2 3 14 2 11
internal_value=0 -0.0136113 0.0156183 0.0236395 -0.0246051 -0.0272243
internal_weight=0 4.68156 4.65579 4.16451 3.68455 3.18625
internal_count=38 19 19 17 15 13
is_linear=0
shrinkage=0.05


Tree=11
num_leaves=7
num_cat=0
split_feature=0 12 8 8 7 8
split_gain=3.36048 2.71694 1.57093 0.530488 0.00301012 0.00138702
threshold=0.75000000000000033 3581.0000000000005 87.500000000000014 389.50000000000006 219.00000000000003 62.500000000000007
decision_type=2 2 2 2 2 2
left_child=1 3 5 -1 -3 -2
right_child=2 4 -4 -5 -6 -7
leaf_value=-0.045152097423130796 0 0 0.041427591221677391 0 0.011443707629635013 -0.0016971394750483475
leaf_weight=3.1817301362752919 0.49789854884147677 0.49559666216373433 2.9114804565906525 0.49520887434482563 1.2479493319988249 0.48211783170700073
leaf_count=13 2 2 12 2 5 2
internal_value=0 -0.0211535 0.0283887 -0.0405664 0.0106251 -0.00117046
internal_weight=0 5.42049 3.8915 3.67694 1.74355 0.980016
internal_count=38 22 16 15 7 4
is_linear=0
shrinkage=0.05


Tree=12
num_leaves=4
num_cat=0
split_feature=0 4 9
split_gain=3.14132 1.12675 0.758757
threshold=0.83333333333333359 -25203.501191496329 1438.5000000000002
decision_type=2 2 2
left_child=1 -1 -3
right_child=-2 2 -4
leaf_value=0.0048589080541667409 0.031775167349196186 0 -0.032482113642257573
leaf_weight=0.99570943415164936 2.8925431370735168 0.74554395675659169 4.6366147696971893
leaf_count=4 12 3 19
internal_value=0 -0.017495 -0.0265366
internal_weight=0 6.37787 5.38216
internal_count=38 26 22
is_linear=0
shrinkage=0.05


Tree=13
num_leaves=7
num_cat=0
split_feature=5 1 6 6 13 5
split_gain=1.65415 1.03255 0.834605 0.728587 1.12568 0.0734646
threshold=7668.0000000000009 1.0000000180025095e-35 692.00000000000011 497.00000000000006 -44224128.905633509 13967.000000000002
decision_type=2 2 2 2 2 2
left_child=1 2 -1 -3 -5 -2
right_child=5 3 -4 4 -6 -7
leaf_value=-0.0093543017383673609 0.025467086819377389 0 0.023293122044642511 0 -0.040469826510948763 0
leaf_weight=0.73332639038562764 2.3945492506027226 0.74271436035633076 1.2297467589378355 0.74579001963138569 2.8887022137641911 0.49819862842559803
leaf_count=3 10 3 5 3 12 2
internal_value=0 -0.0122752 0.00413411 -0.0239361 -0.0308835 0.023459
internal_weight=0 6.34028 1.96307 4.37721 3.63449 2.89275
internal_count=38 26 8 18 15 12
is_linear=0
shrinkage=0.05


Tree=14
num_leaves=6
num_cat=0
split_feature=9 12 4 12 4
split_gain=0.868109 1.75729 0.644395 0.613165 0.273426
threshold=7319.5000000000009 3581.0000000000005 -15009.309686037474 1.0000000180025095e-35 -7338.5109596408047
decision_type=2 2 2 2 2
left_child=2 -2 -1 -4 -3
right_child=1 4 3 -5 -6
leaf_value=-0.0020268383052988903 -0.030496185806881033 0.018853019193701366 0 0.028094586778998343 0
leaf_weight=0.48361767828464497 2.8794923424720764 0.99922488629817963 0.74116165935993183 3.35269495844841 0.74004633724689461
leaf_count=2 12 4 3 14 3
internal_value=0 -0.0112317 0.0137929 0.0213603 0.0109116
internal_weight=0 4.61876 4.57747 4.09386 1.73927
internal_count=38 19 19 17 7
is_linear=0
shrinkage=0.05


Tree=15
num_leaves=5
num_cat=0
split_feature=0 4 4 5
split_gain=2.7614 1.23019 1.11097 1.04828
threshold=0.75000000000000033 -25203.501191496329 -15009.309686037474 12275.500000000002
decision_type=2 2 2 2
left_child=1 -1 -2 -3
right_child=2 3 -4 -5
leaf_value=0.0045956741441723166 -0.00078763243747110494 -0.03768169482311081 0.035248250314072235 0
leaf_weight=0.99440081417560566 0.4713767766952518 3.6085407882928848 3.3413190096616745 0.74712523818016041
leaf_count=4 2 15 14 3
internal_value=0 -0.0188751 0.0262567 -0.0293918
internal_weight=0 5.35007 3.8127 4.35567
internal_count=38 22 16 18
is_linear=0
shrinkage=0.05


Tree=16
num_leaves=9
num_cat=0
split_feature=13 8 13 8 14 8 4 4
split_gain=0.497054 1.33195 1.05117 0.533609 0.306669 0.136135 0.0961507 0.0432828
threshold=2972072.4704868342 129.50000000000003 -44224128.905633509 212.00000000000003 -331275369.4937343 389.50000000000006 -11018.024445813358 13753.56232427654
decision_type=2 2 2 2 2 2 2 2
left_child=1 2 -1 6 -5 -6 -3 -2
right_child=7 3 -4 4 5 -7 -8 -9
leaf_value=0.00021085255908342358 0.018085394694892204 0 -0.03552770231196449 0.0042986016598759447 -0.017559622034724883 0 0.022542419344639034 0
leaf_weight=0.46331551671028171 1.1766118854284284 0.9927663356065749 2.386424258351326 0.49900048971176181 1.1818096190690992 0.48956842720508564 1.4311026632785799 0.49364380538463581
leaf_count=2 5 4 10 2 5 2 6 2
internal_value=0 -0.00481399 -0.0251826 0.00673367 -0.00125596 -0.0135479 0.0186901 0.0160799
internal_weight=0 7.44399 2.84974 4.59425 2.17038 1.67138 2.42387 1.67026
internal_count=38 31 12 19 9 7 10 7
is_linear=0
shrinkage=0.05


Tree=17
num_leaves=7
num_cat=0
split_feature=5 11 5 7 11 6
split_gain=1.37628 0.762431 1.38189 0.441699 0.0525549 0.17307
threshold=7668.0000000000009 1520.0000000000002 68.500000000000014 165.00000000000003 53.500000000000007 792.50000000000011
decision_type=2 2 2 2 2 2
left_child=1 2 -1 -2 5 -4
right_child=3 -3 4 -5 -6 -7
leaf_value=-0.021915930712549603 0 -0.027142082561638515 0.010042489506278174 0.029210824952474096 0.021418668783425937 -0.006613536616095152
leaf_weight=1.4151489734649656 0.96000374853611026 1.687419459223747 0.73900917172431968 1.8820961266756056 1.6980940699577329 0.69923605024814606
leaf_count=6 4 7 3 8 7 3
internal_value=0 -0.010876 0 0.0218333 0.0176717 0
internal_weight=0 6.23891 4.55149 2.8421 3.13634 1.43825
internal_count=38 26 19 12 13 6
is_linear=0
shrinkage=0.05


Tree=18
num_leaves=5
num_cat=0
split_feature=0 8 4 5
split_gain=2.43441 1.27201 1.13028 0.953595
threshold=0.75000000000000033 87.500000000000014 -25203.501191496329 12275.500000000002
decision_type=2 2 2 2
left_child=2 -2 -1 -4
right_child=1 -3 3 -5
leaf_value=0.0044177665705108149 -0.00031648090768817907 0.037048783771333846 -0.035809598733710264 0
leaf_weight=0.99206252396106709 0.95992727577686343 2.7950947880744934 3.5565399527549744 0.74675248563289631
leaf_count=4 4 12 15 3
internal_value=0 0.0250121 -0.0175154 -0.027814
internal_weight=0 3.75502 5.29535 4.30329
internal_count=38 16 22 18
is_linear=0
shrinkage=0.05


end of trees

feature_importances:
ClothesWasher_midnight=15
Microwave_daytime=14
AirConditioner_daytime=12
day_sin=11
age=9
day_cos=8
AirConditioner_midnight=6
IH_daytime=6
day_sin_*_AirConditioner_daytime=6
ClothesWasher_daytime=4
RiceCooker_midnight=4
TV_daytime=4
day_sin_*_Microwave_daytime=4
edu_0=2
edu_1=2

parameters:
[boosting: gbdt]
[objective: binary]
[metric: roc_auc]
[tree_learner: serial]
[device_type: cpu]
[data_sample_strategy: bagging]
[data: ]
[valid: ]
[num_iterations: 10000]
[learning_rate: 0.05]
[num_leaves: 30]
[num_threads: 0]
[seed: 0]
[deterministic: 0]
[force_col_wise: 0]
[force_row_wise: 0]
[histogram_pool_size: -1]
[max_depth: -1]
[min_data_in_leaf: 2]
[min_sum_hessian_in_leaf: 0.001]
[bagging_fraction: 0.996683]
[pos_bagging_fraction: 1]
[neg_bagging_fraction: 1]
[bagging_freq: 2]
[bagging_seed: 3]
[feature_fraction: 0.401176]
[feature_fraction_bynode: 1]
[feature_fraction_seed: 2]
[extra_trees: 0]
[extra_seed: 6]
[early_stopping_round: 0]
[early_stopping_min_delta: 0]
[first_metric_only: 0]
[max_delta_step: 0]
[lambda_l1: 0.717626]
[lambda_l2: 2.26544]
[linear_lambda: 0]
[min_gain_to_split: 0]
[drop_rate: 0.1]
[max_drop: 50]
[skip_drop: 0.5]
[xgboost_dart_mode: 0]
[uniform_drop: 0]
[drop_seed: 4]
[top_rate: 0.2]
[other_rate: 0.1]
[min_data_per_group: 100]
[max_cat_threshold: 32]
[cat_l2: 10]
[cat_smooth: 10]
[max_cat_to_onehot: 4]
[top_k: 20]
[monotone_constraints: ]
[monotone_constraints_method: basic]
[monotone_penalty: 0]
[feature_contri: ]
[forcedsplits_filename: ]
[refit_decay_rate: 0.9]
[cegb_tradeoff: 1]
[cegb_penalty_split: 0]
[cegb_penalty_feature_lazy: ]
[cegb_penalty_feature_coupled: ]
[path_smooth: 0]
[interaction_constraints: ]
[verbosity: -1]
[saved_feature_importance_type: 0]
[use_quantized_grad: 0]
[num_grad_quant_bins: 4]
[quant_train_renew_leaf: 0]
[stochastic_rounding: 1]
[linear_tree: 0]
[max_bin: 255]
[max_bin_by_feature: ]
[min_data_in_bin: 3]
[bin_construct_sample_cnt: 200000]
[data_random_seed: 1]
[is_enable_sparse: 1]
[enable_bundle: 1]
[use_missing: 1]
[zero_as_missing: 0]
[feature_pre_filter: 1]
[pre_partition: 0]
[two_round: 0]
[header: 0]
[label_column: ]
[weight_column: ]
[group_column: ]
[ignore_column: ]
[categorical_feature: ]
[forcedbins_filename: ]
[precise_float_parser: 0]
[parser_config_file: ]
[objective_seed: 5]
[num_class: 1]
[is_unbalance: 0]
[scale_pos_weight: 1]
[sigmoid: 1]
[boost_from_average: 1]
[reg_sqrt: 0]
[alpha: 0.9]
[fair_c: 1]
[poisson_max_delta_step: 0.7]
[tweedie_variance_power: 1.5]
[lambdarank_truncation_level: 30]
[lambdarank_norm: 1]
[label_gain: ]
[lambdarank_position_bias_regularization: 0]
[eval_at: ]
[multi_error_top_k: 1]
[auc_mu_weights: ]
[num_machines: 1]
[local_listen_port: 12400]
[time_out: 120]
[machine_list_filename: ]
[machines: ]
[gpu_platform_id: -1]
[gpu_device_id: -1]
[gpu_use_dp: 0]
[num_gpu: 1]

end of parameters

pandas_categorical:null
