tree
version=v4
num_class=1
num_tree_per_iteration=1
label_index=0
max_feature_idx=14
objective=binary sigmoid:1
feature_names=age edu_0 edu_1 day_cos day_sin AirConditioner_daytime AirConditioner_midnight ClothesWasher_daytime ClothesWasher_midnight Microwave_daytime RiceCooker_midnight TV_daytime IH_daytime day_sin_*_AirConditioner_daytime day_sin_*_Microwave_daytime
feature_infos=[0.16666666666666696:0.91666666666666696] [0:1] [0:1] [-27945.912802236984:28158.01138283452] [-27999.931731543991:28240.43434219023] [0:16181] [144:5225] [18:329] [0:858] [12:20255] [4:10737] [0:4888] [0:7141] [-363884884.36380106:151716714.44961724] [-407712601.31491154:338348643.85378116]
tree_sizes=994 1246 1350 1146 1050 1251 1367 1030 1158

Tree=0
num_leaves=9
num_cat=0
split_feature=7 14 12 9 9 3 3 3
split_gain=6.45032 6.30092 5.1694 4.20332 4.14829 2.47791 2.00302 3.03727
threshold=202.50000000000003 1.0000000180025095e-35 6655.5000000000009 2566.5000000000005 5134.5000000000009 27441.83042883754 26690.223084416812 1.0000000180025095e-35
decision_type=2 2 2 2 2 2 2 2
left_child=1 -1 3 5 -3 -2 7 -6
right_child=2 4 -4 -5 6 -7 -8 -9
leaf_value=0.098871379120825595 -0.091500545934024985 -0.097762670361831464 0.095602917905447671 -0.099245347290283947 -0.091500545934025138 0.095602917905447671 -0.091500545934025138 0.097762670361831505
leaf_weight=1.9999999999999998 0.25000000000000033 1.0000000000000002 0.49999999999999989 3 0.24999999999999989 0.5 0.24999999999999989 0.99999999999999989
leaf_count=8 1 4 2 12 1 2 1 4
internal_value=0 0.0330942 -0.0526056 -0.072856 -0.0196661 0.0319268 0.0326217 0.0587704
internal_weight=0 4.5 4.25 3.75 2.5 0.75 1.5 1.25
internal_count=35 18 17 15 10 3 6 5
is_linear=0
shrinkage=0.05


Tree=1
num_leaves=11
num_cat=0
split_feature=7 13 0 3 3 11 1 7 0 3
split_gain=5.83123 5.3876 4.95713 3.23184 2.56107 1.23897 1.82112 2.75144 1.03566 1.62406
threshold=202.50000000000003 8863371.4175150171 0.56250000000000033 27441.83042883754 28158.011382830115 1.0000000180025095e-35 1.0000000180025095e-35 118.50000000000001 0.72916666666666685 26690.223084416812
decision_type=2 2 2 2 2 2 2 2 2 2
left_child=1 5 3 -2 -4 6 7 -1 -3 -10
right_child=2 8 4 -5 -6 -7 -8 -9 9 -11
leaf_value=-0.087137603826866916 -0.094576896830925405 -0.092572786961544945 0.092575803068440488 0.087229854138859308 -0.08707437973740792 0.094049561316556632 -0.08740557825441081 0.093170604296504853 0.087137603826866986 -0.087137603826866986
leaf_weight=0.24940361082553886 2.9927168786525731 0.74828468263149239 0.74828888475894917 0.24942962825298298 0.24938540160655975 1.7457301467657087 0.24947746098041523 0.99760085344314575 0.24940361082553864 0.24940361082553864
leaf_count=1 12 3 3 1 1 7 1 4 1 1
internal_value=0 0.0314881 -0.0500912 -0.0800387 0.0464494 0.0654383 0.0310242 0.0560027 -0.0560715 0
internal_weight=0 4.4893 4.23982 3.24215 0.997674 3.24221 1.49648 1.247 1.24709 0.498807
internal_count=35 18 17 13 4 13 6 5 5 2
is_linear=0
shrinkage=0.05


Tree=2
num_leaves=12
num_cat=0
split_feature=3 10 10 3 3 10 5 9 5 5 3
split_gain=5.03109 2.58525 3.04086 2.17421 2.5171 2.15874 3.11391 2.11774 2.04536 0.517502 2.32594
threshold=-12130.625289519527 1409.5000000000002 375.00000000000006 -1.0000000180025095e-35 28158.011382830115 1109.5000000000002 829.00000000000011 3010.5000000000005 6155.5000000000009 1681.5000000000002 24595.153476768461
decision_type=2 2 2 2 2 2 2 2 2 2 2
left_child=5 2 7 -4 9 -1 -7 8 -2 10 -5
right_child=1 -3 3 4 -6 6 -8 -9 -10 -11 -12
leaf_value=-0.090233717214174003 0.087318916646530409 -0.087241272403024539 -0.08359484678299324 0.088522305018818775 -0.08350627610485252 -0.087061403039281338 0.087097594278079477 -0.088608102230628052 -0.083348385537944367 0.090385609270819012 -0.083211752801886807
leaf_weight=1.9818065464496615 0.49563142657279946 0.49554204940795887 0.24789421260356892 0.74320591986179474 0.24784280359745015 0.49533337354660023 0.49537640810012817 0.7433435320854187 0.24774937331676483 2.2297157794237137 0.24766668677330017
leaf_count=8 2 2 1 3 1 2 2 3 1 9 1
internal_value=0 0.0196852 0.0302263 0.0543748 0.0647537 -0.0603329 0 -0.0297457 0.0291831 0.0767117 0.0444032
internal_weight=0 5.69859 5.20305 3.71633 3.46843 2.97252 0.99071 1.48672 0.743381 3.22059 0.990873
internal_count=35 23 21 15 14 12 4 6 3 13 4
is_linear=0
shrinkage=0.05


Tree=3
num_leaves=10
num_cat=0
split_feature=4 3 14 4 0 3 3 14 0
split_gain=6.65222 3.63653 4.04611 4.16481 3.03951 2.30535 1.86848 1.11063 1.34768
threshold=-20547.109395720694 1.0000000180025095e-35 139297029.62316301 6392.7097964522172 0.56250000000000033 28158.011382830115 -19696.05466207095 83108384.874866948 0.72916666666666685
decision_type=2 2 2 2 2 2 2 2 2
left_child=-1 4 3 5 -2 -3 -6 -5 -9
right_child=1 2 -4 7 6 -7 -8 8 -10
leaf_value=0.088585978157013898 -0.086931538824616697 0.085895851845014096 0.086168156800638912 -0.086571261187952692 0.083739188159651035 -0.08033716882924137 -0.080143605992270994 -0.079879018906605287 0.080138076921905443
leaf_weight=1.7239604890346525 2.4513939023017888 0.98124919831752799 1.2259699553251264 1.4718552529811857 0.49032539129257202 0.24550427496433258 0.24532788991928089 0.2450801134109496 0.24532279372215271
leaf_count=7 10 4 5 6 2 1 1 1 1
internal_value=0 -0.0197166 0.0095828 -0.0200269 -0.0602814 0.0515624 0.0278406 -0.0650876 0
internal_weight=0 7.60203 4.41498 3.18901 3.18705 1.22675 0.735653 1.96226 0.490403
internal_count=38 31 18 13 13 5 3 8 2
is_linear=0
shrinkage=0.05


Tree=4
num_leaves=9
num_cat=0
split_feature=7 14 14 8 8 11 2 11
split_gain=4.88442 4.99678 3.05997 2.75466 3.56471 2.71048 2.20973 1.72035
threshold=257.50000000000006 -31872367.633181799 139297029.62316301 202.50000000000003 352.50000000000006 967.00000000000011 1.0000000180025095e-35 2532.0000000000005
decision_type=2 2 2 2 2 2 2 2
left_child=1 -1 3 5 -5 -3 -4 -7
right_child=-2 2 6 4 -6 7 -8 -9
leaf_value=0.085201299762302965 -0.08322015376234658 -0.083859198344763963 -0.077351967086142392 0.082889687564147718 -0.080699403263724157 0.080654971391885169 0.083068574908804357 -0.07750272056731361
leaf_weight=1.9452802836894987 1.4501614123582838 2.1773667633533482 0.24230299890041318 0.96847634017467477 0.48366300761699677 0.48354890942573536 1.2092160582542419 0.24249054491519928
leaf_count=8 6 9 1 4 2 2 5 1
internal_value=0 0.0162216 -0.00699433 -0.028021 0.0277554 -0.0560816 0.0553437 0.0265888
internal_weight=0 7.75234 5.80706 4.35555 1.45214 2.90341 1.45152 0.726039
internal_count=38 32 24 18 6 12 6 3
is_linear=0
shrinkage=0.05


Tree=5
num_leaves=11
num_cat=0
split_feature=3 13 0 0 1 8 0 12 3 0
split_gain=4.97504 2.70889 2.64938 2.48916 2.4285 1.83359 1.79768 1.6334 1.57539 1.57458
threshold=-12130.625289519527 1835274.7253486107 0.56250000000000033 0.56250000000000033 1.0000000180025095e-35 202.50000000000003 0.37500000000000028 1804.5000000000002 -19696.05466207095 0.85416666666666707
decision_type=2 2 2 2 2 2 2 2 2 2
left_child=3 4 -3 -1 -2 6 -6 9 -5 -4
right_child=1 2 7 8 5 -7 -8 -9 -10 -11
leaf_value=-0.080916370748628452 0.082189695393165063 -0.080060487755006807 -0.078136374158898708 0.077958467665765224 0.074252055721970509 0.078276578840166075 -0.079548712892485163 0.079382500945649359 -0.074588268774093011 0.074400395982951853
leaf_weight=2.1389202326536183 2.3910152465105057 0.95229108631610904 0.47621379792690255 0.47562733292579651 0.23776645958423637 0.47666952013969421 0.71490232646465302 0.71411564946174622 0.23832447826862324 0.23801474273204803
leaf_count=9 10 4 2 2 1 2 3 3 1 1
internal_value=0 0.0255267 -0.0161143 -0.0540482 0.0515545 0 -0.0400035 0.0266511 0.0257981 -0.0260681
internal_weight=0 6.20099 2.38064 2.85287 3.82035 1.42934 0.952669 1.42834 0.713952 0.714229
internal_count=38 26 10 12 16 6 4 6 3 3
is_linear=0
shrinkage=0.05


Tree=6
num_leaves=12
num_cat=0
split_feature=3 14 12 14 5 3 14 14 3 1 3
split_gain=4.58606 2.26057 1.61571 1.06416 2.68392 0.935561 2.02826 2.25576 1.67853 1.17826 1.45875
threshold=-12130.625289519527 -31872367.633181799 3126.0000000000005 -31872367.633181799 4195.0000000000009 27441.83042883754 -1.0000000180025095e-35 83108384.874866948 28158.011382830115 1.0000000180025095e-35 24595.153476768461
decision_type=2 2 2 2 2 2 2 2 2 2 2
left_child=3 -2 5 4 -1 6 -3 -8 -7 -9 -11
right_child=1 2 -4 -5 -6 8 7 9 -10 10 -12
leaf_value=0.075581918436085596 0.079730928575326071 0.075533841818915134 0.076818100291180816 -0.078301570492909839 -0.076621395195332925 0.077126469524778113 -0.078228766143102785 0.075465556373973133 -0.072504891120682632 -0.075813056496410014 0.072194749546409295
leaf_weight=0.46683973073959373 1.4145785570144651 0.46663920581340823 0.69998854398727406 1.632998079061508 0.69877025485038757 0.70185975730419148 1.4011617600917823 0.46636164188384988 0.2345859557390213 0.46776664257049561 0.23397019505500793
leaf_count=2 6 2 3 7 3 3 6 2 1 2 1
internal_value=0 0.0247408 0.00774791 -0.0523855 -0.0150335 -0.00459361 -0.0181856 -0.0357996 0.0384792 0.0151031 -0.0252257
internal_weight=0 6.08691 4.67233 2.79861 1.16561 3.97235 3.0359 2.56926 0.936446 1.1681 0.701737
internal_count=38 26 20 12 5 17 13 11 4 5 3
is_linear=0
shrinkage=0.05


Tree=7
num_leaves=9
num_cat=0
split_feature=3 13 6 2 6 6 10 10
split_gain=4.2395 2.30437 3.27237 2.06379 3.16485 1.79584 1.42456 2.04321
threshold=-12130.625289519527 1835274.7253486107 309.00000000000006 1.0000000180025095e-35 867.50000000000011 2077.5000000000005 1109.5000000000002 1409.5000000000002
decision_type=2 2 2 2 2 2 2 2
left_child=6 3 -3 4 -2 -4 -1 -8
right_child=1 2 5 -5 -6 -7 7 -9
leaf_value=-0.07619224609507852 -0.074913332730840526 0.074739877922844047 -0.076078918380390506 0.077313598222126051 0.074889509162134674 0.070131450284898006 0.073434492519146216 -0.073256832483631476
leaf_weight=1.8256243765354159 0.68725718557834647 0.686041280627251 1.3724580705165861 2.2995027452707291 0.68712818622589111 0.22945360839366902 0.45723479986190785 0.4563627690076828
leaf_count=8 3 3 6 10 3 1 2 2
internal_value=0 0.0240499 -0.0151133 0.0485245 0 -0.0542935 -0.050892 0
internal_weight=0 5.96184 2.28795 3.67389 1.37439 1.60191 2.73922 0.913598
internal_count=38 26 10 16 6 7 12 4
is_linear=0
shrinkage=0.05


Tree=8
num_leaves=10
num_cat=0
split_feature=4 3 0 9 4 3 3 3 2
split_gain=4.39718 2.42777 2.02905 1.99735 2.12531 1.74278 1.54946 1.24424 1.23276
threshold=-20547.109395720694 1.0000000180025095e-35 0.56250000000000033 6995.5000000000009 6392.7097964522172 19685.111948592214 28158.011382830115 -19696.05466207095 1.0000000180025095e-35
decision_type=2 2 2 2 2 2 2 2 2
left_child=-1 2 -2 4 6 8 -3 -4 -6
right_child=1 3 7 -5 5 -7 -8 -9 -10
leaf_value=0.075221884103645109 -0.074418179868903714 0.073544522963259876 0.071484417846619686 0.073429905516896335 -0.067772119793395189 -0.074004393709547547 -0.068383662339385184 -0.068028510184448582 0.071286606324916305
leaf_weight=1.5783891826868055 2.2290294915437703 0.89534962177276634 0.44697239995002747 0.89401988685131062 0.22332683205604587 1.3395563811063764 0.22501902282238007 0.22404542565345753 0.44584307074546814
leaf_count=7 10 4 2 4 1 6 1 1 2
internal_value=0 -0.0168095 -0.0515573 0.00823703 -0.0105491 -0.0413245 0.0439869 0.0236446 0.0236184
internal_weight=0 6.92316 2.90005 4.02311 3.12909 2.00873 1.12037 0.671018 0.66917
internal_count=38 31 13 18 14 9 5 3 3
is_linear=0
shrinkage=0.05


end of trees

feature_importances:
day_cos=24
age=9
day_sin_*_Microwave_daytime=9
RiceCooker_midnight=5
day_sin=4
AirConditioner_daytime=4
ClothesWasher_daytime=4
Microwave_daytime=4
edu_0=3
edu_1=3
AirConditioner_midnight=3
ClothesWasher_midnight=3
TV_daytime=3
IH_daytime=3
day_sin_*_AirConditioner_daytime=3

parameters:
[boosting: gbdt]
[objective: binary]
[metric: roc_auc]
[tree_learner: serial]
[device_type: cpu]
[data_sample_strategy: bagging]
[data: ]
[valid: ]
[num_iterations: 10000]
[learning_rate: 0.05]
[num_leaves: 14]
[num_threads: 0]
[seed: 0]
[deterministic: 0]
[force_col_wise: 0]
[force_row_wise: 0]
[histogram_pool_size: -1]
[max_depth: -1]
[min_data_in_leaf: 1]
[min_sum_hessian_in_leaf: 0.001]
[bagging_fraction: 0.906175]
[pos_bagging_fraction: 1]
[neg_bagging_fraction: 1]
[bagging_freq: 3]
[bagging_seed: 3]
[feature_fraction: 0.529304]
[feature_fraction_bynode: 1]
[feature_fraction_seed: 2]
[extra_trees: 0]
[extra_seed: 6]
[early_stopping_round: 0]
[early_stopping_min_delta: 0]
[first_metric_only: 0]
[max_delta_step: 0]
[lambda_l1: 0.00963075]
[lambda_l2: 0.0179597]
[linear_lambda: 0]
[min_gain_to_split: 0]
[drop_rate: 0.1]
[max_drop: 50]
[skip_drop: 0.5]
[xgboost_dart_mode: 0]
[uniform_drop: 0]
[drop_seed: 4]
[top_rate: 0.2]
[other_rate: 0.1]
[min_data_per_group: 100]
[max_cat_threshold: 32]
[cat_l2: 10]
[cat_smooth: 10]
[max_cat_to_onehot: 4]
[top_k: 20]
[monotone_constraints: ]
[monotone_constraints_method: basic]
[monotone_penalty: 0]
[feature_contri: ]
[forcedsplits_filename: ]
[refit_decay_rate: 0.9]
[cegb_tradeoff: 1]
[cegb_penalty_split: 0]
[cegb_penalty_feature_lazy: ]
[cegb_penalty_feature_coupled: ]
[path_smooth: 0]
[interaction_constraints: ]
[verbosity: -1]
[saved_feature_importance_type: 0]
[use_quantized_grad: 0]
[num_grad_quant_bins: 4]
[quant_train_renew_leaf: 0]
[stochastic_rounding: 1]
[linear_tree: 0]
[max_bin: 255]
[max_bin_by_feature: ]
[min_data_in_bin: 3]
[bin_construct_sample_cnt: 200000]
[data_random_seed: 1]
[is_enable_sparse: 1]
[enable_bundle: 1]
[use_missing: 1]
[zero_as_missing: 0]
[feature_pre_filter: 1]
[pre_partition: 0]
[two_round: 0]
[header: 0]
[label_column: ]
[weight_column: ]
[group_column: ]
[ignore_column: ]
[categorical_feature: ]
[forcedbins_filename: ]
[precise_float_parser: 0]
[parser_config_file: ]
[objective_seed: 5]
[num_class: 1]
[is_unbalance: 0]
[scale_pos_weight: 1]
[sigmoid: 1]
[boost_from_average: 1]
[reg_sqrt: 0]
[alpha: 0.9]
[fair_c: 1]
[poisson_max_delta_step: 0.7]
[tweedie_variance_power: 1.5]
[lambdarank_truncation_level: 30]
[lambdarank_norm: 1]
[label_gain: ]
[lambdarank_position_bias_regularization: 0]
[eval_at: ]
[multi_error_top_k: 1]
[auc_mu_weights: ]
[num_machines: 1]
[local_listen_port: 12400]
[time_out: 120]
[machine_list_filename: ]
[machines: ]
[gpu_platform_id: -1]
[gpu_device_id: -1]
[gpu_use_dp: 0]
[num_gpu: 1]

end of parameters

pandas_categorical:null
