tree
version=v4
num_class=1
num_tree_per_iteration=1
label_index=0
max_feature_idx=14
objective=binary sigmoid:1
feature_names=age edu_0 edu_1 day_cos day_sin AirConditioner_daytime AirConditioner_midnight ClothesWasher_daytime ClothesWasher_midnight Microwave_daytime RiceCooker_midnight TV_daytime IH_daytime day_sin_*_AirConditioner_daytime day_sin_*_Microwave_daytime
feature_infos=[0.083333333333333481:0.95833333333333348] [0:1] [0:1] [-27467.261951863988:27982.443560229756] [-28271.854657421831:28169.258046037332] [0:18450] [0:2758] [2:699] [0:2505] [95:15198] [22:5721] [0:7194] [0:8908] [-316625895.61159992:349266453.97484893] [-352606571.28736508:406484169.3655178]
tree_sizes=796 952 1160 747 846 955 956 946 952 955 951 844 848 955 949

Tree=0
num_leaves=7
num_cat=0
split_feature=5 5 12 7 7 7
split_gain=4.7533 5.59311 4.6045 2.88479 3.47726 2.78955
threshold=375.50000000000006 1.0000000180025095e-35 6042.5000000000009 663.50000000000011 12.500000000000002 69.500000000000014
decision_type=2 2 2 2 2 2
left_child=1 5 3 4 -2 -1
right_child=2 -3 -4 -5 -6 -7
leaf_value=0.088389737890651507 0.088389737890651188 0.098158525500095961 0.093837916166769772 0.088389737890651618 -0.098703822515428821 -0.095805981858427397
leaf_weight=0.25000000000000022 0.25000000000000122 1.7499999999999998 0.49999999999999989 0.24999999999999989 2.5 0.75
leaf_count=1 1 7 2 1 10 3
internal_value=0 0.0449169 -0.0424577 -0.0659442 -0.0808525 -0.0484072
internal_weight=0 2.75 3.5 3 2.75 1
internal_count=25 11 14 12 11 4
is_linear=0
shrinkage=0.05


Tree=1
num_leaves=8
num_cat=0
split_feature=1 3 9 3 7 12 0
split_gain=6.58277 3.02021 2.12728 2.83001 1.8618 2.33785 3.01574
threshold=1.0000000180025095e-35 17475.598309899502 2023.5000000000002 -1.0000000180025095e-35 663.50000000000011 6042.5000000000009 0.18750000000000025
decision_type=2 2 2 2 2 2 2
left_child=1 -1 -2 -4 5 6 -5
right_child=2 -3 3 4 -6 -7 -8
leaf_value=0.093718151546020353 -0.092906896976278908 -0.084210901633069671 0.089437333121609466 0.084233002667530754 0.084630770418504683 0.084408510325438266 -0.093559705076888988
leaf_weight=1.7460702210664747 1.2470306307077406 0.24939207732677449 0.49879753589630116 0.24939876794815186 0.24951234459877003 0.24945046007633198 1.7457796633243559
leaf_count=7 5 1 2 1 1 1 7
internal_value=0 0.0704762 -0.0389124 -0.0156505 -0.0375566 -0.052164 -0.0703303
internal_weight=0 1.99546 4.23997 2.99294 2.49414 2.24463 1.99518
internal_count=25 8 17 12 10 9 8
is_linear=0
shrinkage=0.05


Tree=2
num_leaves=10
num_cat=0
split_feature=1 3 9 3 3 3 5 5 9
split_gain=5.97523 2.7627 1.94659 2.57798 0.852684 1.05378 1.47079 1.00038 2.02431
threshold=1.0000000180025095e-35 17475.598309899502 2023.5000000000002 -1.0000000180025095e-35 8737.5356204926356 25668.709262286266 8108.0000000000009 53.000000000000007 11923.500000000002
decision_type=2 2 2 2 2 2 2 2 2
left_child=1 -1 -2 -4 7 -6 -7 -5 -9
right_child=2 -3 3 4 5 6 -8 8 -10
leaf_value=0.089713399752632081 -0.088970800390351934 -0.080921168297981502 0.085764636003140826 -0.08067900010766875 -0.088327071446224203 -0.080570659917687859 0.08129525303086424 0.086052239534084057 -0.080570659917687859
leaf_weight=1.7345436364412306 1.2387326210737226 0.24792049825191487 0.49562665820121754 0.24777211248874742 0.99081534147262551 0.24770383536815643 0.24813829362392426 0.49595703184604645 0.24770383536815643
leaf_count=7 5 1 2 1 4 1 1 2 1
internal_value=0 0.0674024 -0.0371523 -0.0148303 -0.0358089 -0.0593457 0.000437999 0.000247153 0.0294855
internal_weight=0 1.98246 4.21245 2.97372 2.47809 1.48666 0.495842 0.991433 0.743661
internal_count=25 8 17 12 10 6 2 4 3
is_linear=0
shrinkage=0.05


Tree=3
num_leaves=6
num_cat=0
split_feature=11 4 0 11 3
split_gain=8.87721 5.34342 2.36027 1.44394 1.34967
threshold=153.50000000000003 -27907.053332543994 0.93750000000000033 5163.0000000000009 25668.709262286266
decision_type=2 2 2 2 2
left_child=-1 -2 3 -3 -5
right_child=1 2 -4 4 -6
leaf_value=0.088301294650784221 0.084411922141410564 -0.093942149478207643 0.077510775410437216 -0.077395738075767551 0.07831495616215392
leaf_weight=2.46083003282547 0.73651000857353244 2.2247593253850946 0.24525600671768177 0.24514316022396077 0.24600090086460114
leaf_count=10 3 9 1 1 1
internal_value=0 -0.0335765 -0.0635279 -0.0770387 0.000602426
internal_weight=0 3.69767 2.96116 2.7159 0.491144
internal_count=25 15 12 11 2
is_linear=0
shrinkage=0.05


Tree=4
num_leaves=7
num_cat=0
split_feature=11 7 10 8 10 0
split_gain=8.11473 1.36502 1.8083 2.86128 1.76786 1.69788
threshold=153.50000000000003 663.50000000000011 863.00000000000011 79.500000000000014 322.50000000000006 0.93750000000000033
decision_type=2 2 2 2 2 2
left_child=-1 2 3 -2 -5 -6
right_child=1 -3 -4 4 5 -7
leaf_value=0.085004373393814767 -0.09063696206062366 0.075635305810111839 -0.088314416543277985 0.081407592349042782 -0.079286253441886431 0.074909483978158539
leaf_weight=2.430480495095253 0.74175748229026917 0.24321034550666798 1.2250153720378874 0.72695244848728158 0.48360151052474976 0.24229532480239868
leaf_count=10 3 1 5 3 2 1
internal_value=0 -0.0321706 -0.0404849 -0.0128774 0.0279415 -0.0267962
internal_weight=0 3.66283 3.41962 2.19461 1.45285 0.725897
internal_count=25 15 14 9 6 3
is_linear=0
shrinkage=0.05


Tree=5
num_leaves=8
num_cat=0
split_feature=12 8 13 12 3 12 1
split_gain=4.40123 3.00788 2.89235 1.85988 1.70991 0.859504 1.35284
threshold=2064.0000000000005 1281.0000000000002 -116553493.22141227 6042.5000000000009 -4724.8280833510971 2201.5000000000005 1.0000000180025095e-35
decision_type=2 2 2 2 2 2 2
left_child=2 3 4 5 -1 6 -2
right_child=1 -3 -4 -5 -6 -7 -8
leaf_value=-0.083116573913898206 0.072086150658752152 0.080137461194898771 0.081569022349804496 0.072540409195113162 0.07231201326908189 -0.084084926174996077 -0.084404840217583127
leaf_weight=0.48696422576904297 0.23801413178444031 0.48459896445274342 2.3874402642250061 0.23878479003906239 0.23840141296386752 1.6865772455930708 0.24944940209388733
leaf_count=2 1 2 10 1 1 7 1
internal_value=0 -0.0299296 0.05526 -0.052816 -0.0311063 -0.0674601 -0.00825368
internal_weight=0 2.89742 3.11281 2.41283 0.725366 2.17404 0.487464
internal_count=25 12 13 10 3 9 2
is_linear=0
shrinkage=0.05


Tree=6
num_leaves=8
num_cat=0
split_feature=5 5 5 1 5 1 3
split_gain=4.90903 3.12114 2.08629 1.86746 1.44833 1.15058 1.361
threshold=375.50000000000006 1.0000000180025095e-35 8108.0000000000009 1.0000000180025095e-35 13844.000000000002 1.0000000180025095e-35 -10556.453040704519
decision_type=2 2 2 2 2 2 2
left_child=1 3 5 -1 -4 6 -2
right_child=2 -3 4 -5 -6 -7 -8
leaf_value=0.069981831981484485 0.075405371764513396 0.079686068184984193 0.075083889525748515 -0.092955036211020692 -0.069610680204447703 -0.090632398396267605 -0.081006684787541652
leaf_weight=0.23399879038333926 0.24292820692062378 1.8803099393844602 0.47000989317893971 0.49995310604572296 0.23321081697940826 1.7125737816095352 0.24797149002552088
leaf_count=1 1 8 2 2 1 7 1
internal_value=0 0.0459365 -0.0479344 -0.0402278 0.0261264 -0.0716099 -0.00371566
internal_weight=0 2.61426 2.90669 0.733952 0.703221 2.20347 0.4909
internal_count=23 11 12 3 3 9 2
is_linear=0
shrinkage=0.05


Tree=7
num_leaves=8
num_cat=0
split_feature=2 10 8 6 3 6 3
split_gain=3.92269 2.32245 2.42376 2.23872 1.64697 0.96654 1.13263
threshold=1.0000000180025095e-35 467.50000000000006 291.50000000000006 1332.5000000000002 8737.5356204926356 321.50000000000006 -4724.8280833510971
decision_type=2 2 2 2 2 2 2
left_child=1 5 -3 -2 -4 6 -1
right_child=3 2 4 -5 -6 -7 -8
leaf_value=-0.07731944513354326 0.076568532989837831 0.078057134304766351 0.067634678651505367 -0.078056196261465219 -0.079448650265683374 -0.089885444385113894 0.067702621066789079
leaf_weight=0.24506744742393494 1.6097268462181089 0.70543093979358651 0.22858360409736633 0.24576948583126057 0.7041618674993515 1.4729269444942472 0.2287552356719974
leaf_count=1 7 3 1 1 3 6 1
internal_value=0 -0.0338225 0.010024 0.0550852 -0.0423245 -0.0702778 -0.00744041
internal_weight=0 3.58493 1.63818 1.8555 0.932745 1.94675 0.473823
internal_count=23 15 7 8 4 8 2
is_linear=0
shrinkage=0.05


Tree=8
num_leaves=8
num_cat=0
split_feature=2 10 3 6 3 6 3
split_gain=3.61086 2.12539 2.21188 2.07856 1.55168 0.878092 1.05056
threshold=1.0000000180025095e-35 467.50000000000006 8737.5356204926356 1332.5000000000002 25668.709262286266 321.50000000000006 -4724.8280833510971
decision_type=2 2 2 2 2 2 2
left_child=1 5 -3 -2 -4 6 -1
right_child=3 2 4 -5 -6 -7 -8
leaf_value=-0.074736623122850857 0.074506546560205264 0.075521663980475426 -0.077033011126936488 -0.075401889072746781 0.066595427411463209 -0.086388836304708172 0.065957987179983205
leaf_weight=0.24206672608852386 1.5733882039785383 0.68998096883296944 0.6912829577922821 0.24292388558387745 0.22584278881549835 1.4576169550418852 0.22405128180980716
leaf_count=1 7 3 3 1 1 6 1
internal_value=0 -0.0326402 0.00977463 0.0534725 -0.0405801 -0.0676479 -0.00720387
internal_weight=0 3.53084 1.60711 1.81631 0.917126 1.92373 0.466118
internal_count=23 15 7 8 4 8 2
is_linear=0
shrinkage=0.05


Tree=9
num_leaves=8
num_cat=0
split_feature=1 5 5 9 13 0 0
split_gain=5.99034 0.72695 1.63515 2.15531 0.994356 1.67078 1.27696
threshold=1.0000000180025095e-35 375.50000000000006 53.000000000000007 5608.5000000000009 -26113553.227085564 0.37500000000000028 0.60416666666666685
decision_type=2 2 2 2 2 2 2
left_child=-1 2 -2 -4 5 -3 -7
right_child=1 4 3 -5 -6 6 -8
leaf_value=0.072753730222712407 -0.081982265828499656 -0.076194442681980709 0.073652932379754441 -0.089961811899867003 -0.080624866201505441 0.077040470024171165 -0.062727332291817497
leaf_weight=1.5374520719051359 0.48975665867328622 0.67713120579719521 0.67737267911434174 0.24992339313030243 1.6381509602069857 0.46755394339561462 0.21359771490097046
leaf_count=7 2 3 3 1 7 2 1
internal_value=0 -0.0408646 -0.0110113 0.0279834 -0.0547085 -0.0222845 0.0323346
internal_weight=0 4.41349 1.41705 0.927296 2.99643 1.35828 0.681152
internal_count=26 19 6 4 13 6 3
is_linear=0
shrinkage=0.05


Tree=10
num_leaves=8
num_cat=0
split_feature=1 8 13 11 8 10 8
split_gain=5.55263 0.815205 1.12412 1.02632 1.23422 2.20557 1.43454
threshold=1.0000000180025095e-35 642.50000000000011 3030575.8230486014 5163.0000000000009 79.500000000000014 322.50000000000006 580.50000000000011
decision_type=2 2 2 2 2 2 2
left_child=-1 2 3 4 -2 -6 -7
right_child=1 -3 -4 -5 5 6 -8
leaf_value=0.071047533992338263 -0.082484552580506104 -0.080232366594199273 0.07110874290024391 0.063119027838467429 0.074554386520057941 -0.072621605884389095 0.062368342499293385
leaf_weight=1.4974553287029264 1.1810415983200084 0.94115377962589253 0.23624239861965168 0.21499231457710255 0.45726151764392842 1.088229179382324 0.21228760480880726
leaf_count=7 5 4 1 1 2 5 1
internal_value=0 -0.039659 -0.0277328 -0.0357938 -0.0436483 -0.0165188 -0.0495905
internal_weight=0 4.33121 3.39005 3.15381 2.93882 1.75778 1.30052
internal_count=26 19 15 14 13 8 6
is_linear=0
shrinkage=0.05


Tree=11
num_leaves=7
num_cat=0
split_feature=5 8 7 12 7 7
split_gain=2.91503 3.2421 1.772 1.61226 1.36756 1.57523
threshold=375.50000000000006 127.50000000000001 216.00000000000003 6042.5000000000009 663.50000000000011 12.500000000000002
decision_type=2 2 2 2 2 2
left_child=1 2 -1 4 5 -2
right_child=3 -3 -4 -5 -6 -7
leaf_value=-0.082219933253293548 0.061055535222709234 0.069631949296060203 0.069087959846843169 0.073866851484889071 0.061707609915858955 -0.075388464070278799
leaf_weight=0.72456917166709933 0.20723202824592712 1.6630519479513166 0.23205852508544922 0.24085225164890278 0.20979546010494221 2.4203161895275116
leaf_count=3 1 8 1 1 1 11
internal_value=0 0.0279406 -0.0444364 -0.0434212 -0.0541093 -0.0640053
internal_weight=0 2.61968 0.956628 3.0782 2.83734 2.62755
internal_count=26 12 4 14 13 12
is_linear=0
shrinkage=0.05


Tree=12
num_leaves=7
num_cat=0
split_feature=10 8 14 14 8 0
split_gain=2.38273 3.03832 2.41344 1.99934 1.64714 1.19163
threshold=863.00000000000011 164.50000000000003 31349330.147694957 -295216594.38791734 1281.0000000000002 0.60416666666666685
decision_type=2 2 2 2 2 2
left_child=1 2 3 -1 -2 -4
right_child=4 -3 5 -5 -6 -7
leaf_value=0.071605556034443213 -0.078331205289909667 0.067665336715526811 0.075362177032647137 -0.078236147719168148 0.063373115159443882 -0.057688046510048496
leaf_weight=0.23716264963149991 1.3331745713949201 1.5982190966606138 0.69583365321159352 1.3942616879940037 0.21587772667407978 0.19231371581554413
leaf_count=1 6 8 3 6 1 1
internal_value=0 0.0144483 -0.0197409 -0.0554685 -0.0576752 0.0455175
internal_weight=0 4.11779 2.51957 1.63142 1.54905 0.888147
internal_count=26 19 11 7 7 4
is_linear=0
shrinkage=0.05


Tree=13
num_leaves=8
num_cat=0
split_feature=11 10 10 6 3 10 1
split_gain=4.26334 2.67542 0.883371 1.24834 0.928273 0.409085 1.27002
threshold=153.50000000000003 322.50000000000006 467.50000000000006 321.50000000000006 25668.709262286266 467.50000000000006 1.0000000180025095e-35
decision_type=2 2 2 2 2 2 2
left_child=1 -1 3 -2 -5 6 -3
right_child=2 5 -4 4 -6 -7 -8
leaf_value=-0.071899399779637371 -0.075567908559707436 0.064242242243938458 -0.075786825084899423 0.068988260113566638 -0.056609622849498192 0.070517314267082007 -0.067728469220478149
leaf_weight=0.45579917728900943 0.46369437873363517 0.58187370002269778 1.5203346610069273 0.42888964712619781 0.18693909049034119 1.6631394475698469 0.22882026433944702
leaf_count=2 2 3 7 2 1 8 1
internal_value=0 0.0358579 -0.0515896 -0.016277 0.0299178 0.056395 0.0258011
internal_weight=0 2.92963 2.59986 1.07952 0.615829 2.47383 0.810694
internal_count=26 14 12 5 3 12 4
is_linear=0
shrinkage=0.05


Tree=14
num_leaves=8
num_cat=0
split_feature=14 4 1 6 4 7 6
split_gain=2.01543 2.60417 1.51186 1.4804 1.09347 1.03798 1.15166
threshold=31349330.147694957 -27008.685551758161 1.0000000180025095e-35 1.0000000180025095e-35 24017.42256014032 164.00000000000003 2089.0000000000005
decision_type=2 2 2 2 2 2 2
left_child=1 2 -1 -3 -2 6 -4
right_child=4 3 5 -5 -6 -7 -8
leaf_value=0.064229051696404416 -0.055588717193642084 0.06043103197435909 -0.075033761939737653 -0.073851691426215102 0.069874057614215709 0.067666315758614468 0.056878695717379725
leaf_weight=0.93244858086109128 0.1815911978483199 0.20467893779277879 0.68870009481906891 1.9188461452722547 1.0437639653682707 0.22866363823413849 0.18830682337284088
leaf_count=5 1 1 3 9 5 1 1
internal_value=0 -0.0218471 0.018413 -0.060184 0.0503123 -0.0209555 -0.0456742
internal_weight=0 4.16164 2.03812 2.12353 1.22536 1.10567 0.877007
internal_count=26 20 10 10 6 5 4
is_linear=0
shrinkage=0.05


end of trees

feature_importances:
day_cos=15
AirConditioner_daytime=11
edu_0=9
ClothesWasher_daytime=9
ClothesWasher_midnight=9
RiceCooker_midnight=9
AirConditioner_midnight=7
age=6
IH_daytime=6
TV_daytime=5
Microwave_daytime=4
day_sin=3
day_sin_*_AirConditioner_daytime=3
day_sin_*_Microwave_daytime=3
edu_1=2

parameters:
[boosting: gbdt]
[objective: binary]
[metric: roc_auc]
[tree_learner: serial]
[device_type: cpu]
[data_sample_strategy: bagging]
[data: ]
[valid: ]
[num_iterations: 10000]
[learning_rate: 0.05]
[num_leaves: 22]
[num_threads: 0]
[seed: 0]
[deterministic: 0]
[force_col_wise: 0]
[force_row_wise: 0]
[histogram_pool_size: -1]
[max_depth: -1]
[min_data_in_leaf: 1]
[min_sum_hessian_in_leaf: 0.001]
[bagging_fraction: 0.64964]
[pos_bagging_fraction: 1]
[neg_bagging_fraction: 1]
[bagging_freq: 3]
[bagging_seed: 3]
[feature_fraction: 0.543145]
[feature_fraction_bynode: 1]
[feature_fraction_seed: 2]
[extra_trees: 0]
[extra_seed: 6]
[early_stopping_round: 0]
[early_stopping_min_delta: 0]
[first_metric_only: 0]
[max_delta_step: 0]
[lambda_l1: 0.000140279]
[lambda_l2: 0.0327589]
[linear_lambda: 0]
[min_gain_to_split: 0]
[drop_rate: 0.1]
[max_drop: 50]
[skip_drop: 0.5]
[xgboost_dart_mode: 0]
[uniform_drop: 0]
[drop_seed: 4]
[top_rate: 0.2]
[other_rate: 0.1]
[min_data_per_group: 100]
[max_cat_threshold: 32]
[cat_l2: 10]
[cat_smooth: 10]
[max_cat_to_onehot: 4]
[top_k: 20]
[monotone_constraints: ]
[monotone_constraints_method: basic]
[monotone_penalty: 0]
[feature_contri: ]
[forcedsplits_filename: ]
[refit_decay_rate: 0.9]
[cegb_tradeoff: 1]
[cegb_penalty_split: 0]
[cegb_penalty_feature_lazy: ]
[cegb_penalty_feature_coupled: ]
[path_smooth: 0]
[interaction_constraints: ]
[verbosity: -1]
[saved_feature_importance_type: 0]
[use_quantized_grad: 0]
[num_grad_quant_bins: 4]
[quant_train_renew_leaf: 0]
[stochastic_rounding: 1]
[linear_tree: 0]
[max_bin: 255]
[max_bin_by_feature: ]
[min_data_in_bin: 3]
[bin_construct_sample_cnt: 200000]
[data_random_seed: 1]
[is_enable_sparse: 1]
[enable_bundle: 1]
[use_missing: 1]
[zero_as_missing: 0]
[feature_pre_filter: 1]
[pre_partition: 0]
[two_round: 0]
[header: 0]
[label_column: ]
[weight_column: ]
[group_column: ]
[ignore_column: ]
[categorical_feature: ]
[forcedbins_filename: ]
[precise_float_parser: 0]
[parser_config_file: ]
[objective_seed: 5]
[num_class: 1]
[is_unbalance: 0]
[scale_pos_weight: 1]
[sigmoid: 1]
[boost_from_average: 1]
[reg_sqrt: 0]
[alpha: 0.9]
[fair_c: 1]
[poisson_max_delta_step: 0.7]
[tweedie_variance_power: 1.5]
[lambdarank_truncation_level: 30]
[lambdarank_norm: 1]
[label_gain: ]
[lambdarank_position_bias_regularization: 0]
[eval_at: ]
[multi_error_top_k: 1]
[auc_mu_weights: ]
[num_machines: 1]
[local_listen_port: 12400]
[time_out: 120]
[machine_list_filename: ]
[machines: ]
[gpu_platform_id: -1]
[gpu_device_id: -1]
[gpu_use_dp: 0]
[num_gpu: 1]

end of parameters

pandas_categorical:null
