tree
version=v4
num_class=1
num_tree_per_iteration=1
label_index=0
max_feature_idx=14
objective=binary sigmoid:1
feature_names=age edu_0 edu_1 day_cos day_sin AirConditioner_daytime AirConditioner_midnight ClothesWasher_daytime ClothesWasher_midnight Microwave_daytime RiceCooker_midnight TV_daytime IH_daytime day_sin_*_AirConditioner_daytime day_sin_*_Microwave_daytime
feature_infos=[0.041666666666666963:0.95833333333333348] [0:1] [0:1] [-27467.261951863988:28275.259223743589] [-28190.186045256571:26900.336802013408] [0:18415] [0:4138] [3:485] [0:2505] [11:21573] [0:6980] [0:8820] [0:7926] [-427876354.98917055:297896226.40924424] [-476361186.64553618:473327742.7848075]
tree_sizes=993 1057 851 852 848 955 1053 949 1048 947 947

Tree=0
num_leaves=9
num_cat=0
split_feature=3 10 9 7 11 10 8 5
split_gain=4.42996 3.54375 4.79004 5.9486 5.53241 2.76993 1.01936 0.881658
threshold=-18506.227927320422 147.50000000000003 10112.000000000002 280.00000000000006 3342.5000000000005 1373.0000000000002 8.5000000000000018 1.0000000180025095e-35
decision_type=2 2 2 2 2 2 2 2
left_child=-1 -2 3 4 6 7 -3 -4
right_child=1 2 5 -5 -6 -7 -8 -9
leaf_value=0.099820414172640023 -0.099820414172640204 0.033120933821749042 -0.033120933821749028 -0.099760576495817155 -0.04983561670910143 0.03312093382174907 0.099928152561896494 -0.099880263979818668
leaf_weight=1.0000000000000007 0.999999999999999 0.75000000000000033 0.75000000000000078 0.74999999999999989 0.99999999999999989 0.74999999999999989 2.5 1.4999999999999998
leaf_count=4 4 3 3 3 4 3 10 6
internal_value=0 -0.0110942 0 0.0299683 0.0529023 -0.0499452 0.0845616 -0.077701
internal_weight=0 9 8 5 4.25 3 3.25 2.25
internal_count=40 36 32 20 17 12 13 9
is_linear=0
shrinkage=0.05


Tree=1
num_leaves=9
num_cat=0
split_feature=13 1 9 12 9 3 7 0
split_gain=4.16595 4.81668 6.96768 6.12577 2.86776 5.4507 0.918014 0.829201
threshold=-227094811.73525909 1.0000000180025095e-35 5209.0000000000009 220.50000000000003 5209.0000000000009 18253.470012531794 104.00000000000001 0.22916666666666677
decision_type=2 2 2 2 2 2 2 2
left_child=-1 2 -2 -3 5 -5 -6 -4
right_child=1 3 7 4 6 -7 -8 -9
leaf_value=0.096898510336081989 -0.095786702330837664 0.095010280013652304 0.033714196828729691 -0.095786702330837512 -0.033733513281654505 0.095007032768455305 -0.096549054358896477 0.096958081005771718
leaf_weight=0.99797832965850908 0.7486021369695649 0.74813349545001973 0.74924044311046634 0.74860213696956612 0.74868667125701938 0.74813081324100494 2.7452841699123383 1.7473021149635313
leaf_count=4 3 3 3 3 3 3 11 7
internal_value=0 -0.0107678 0.0378929 -0.0383105 -0.0583305 -0.000320268 -0.0831358 0.0780441
internal_weight=0 8.98398 3.24514 5.73884 4.9907 1.49673 3.49397 2.49654
internal_count=40 36 13 23 20 6 14 10
is_linear=0
shrinkage=0.05


Tree=2
num_leaves=7
num_cat=0
split_feature=10 9 7 1 11 3
split_gain=3.69826 5.6775 5.67982 5.17945 5.13104 0.932463
threshold=147.50000000000003 10112.000000000002 280.00000000000006 1.0000000180025095e-35 3342.5000000000005 27905.744846711055
decision_type=2 2 2 2 2 2
left_child=-1 2 4 -3 5 -2
right_child=1 3 -4 -5 -6 -7
leaf_value=-0.091590976619601597 0.091864215535970642 0.046741500803398367 -0.090870692689502694 -0.092823392059943541 -0.045150294555626164 0.029952704342634806
leaf_weight=0.99174143373966295 3.4708061069250089 0.99736294150352489 0.74285726249217976 1.9859235286712646 0.99588571488857258 0.74711504578590382
leaf_count=4 14 4 3 8 4 3
internal_value=0 0.0101634 0.0383751 -0.0461145 0.0568227 0.0809362
internal_weight=0 8.93995 5.95666 2.98329 5.21381 4.21792
internal_count=40 36 24 12 21 17
is_linear=0
shrinkage=0.05


Tree=3
num_leaves=7
num_cat=0
split_feature=10 9 7 2 11 3
split_gain=3.37302 5.16476 5.17392 4.71995 4.67554 0.864261
threshold=147.50000000000003 10112.000000000002 280.00000000000006 1.0000000180025095e-35 3342.5000000000005 27905.744846711055
decision_type=2 2 2 2 2 2
left_child=-1 2 4 -3 5 -2
right_child=1 3 -4 -5 -6 -7
leaf_value=-0.087935797109123734 0.088188830712003397 -0.089027155825399912 -0.087298674829583603 0.044498174839101221 -0.043012325310642349 0.028490689834271849
leaf_weight=0.98157639801502305 3.4355535656213743 1.9675322920084002 0.73479969799518574 0.99532583355903614 0.99319905042648304 0.74621863663196553
leaf_count=4 14 8 3 4 4 3
internal_value=0 0.00972963 0.0367538 -0.0441211 0.054401 0.0775745
internal_weight=0 8.87263 5.90977 2.96286 5.17497 4.18177
internal_count=40 36 24 12 21 17
is_linear=0
shrinkage=0.05


Tree=4
num_leaves=7
num_cat=0
split_feature=10 9 7 2 11 8
split_gain=3.08735 4.71174 4.72726 4.31737 4.27438 0.869259
threshold=147.50000000000003 10112.000000000002 280.00000000000006 1.0000000180025095e-35 3342.5000000000005 8.5000000000000018
decision_type=2 2 2 2 2 2
left_child=-1 2 4 -3 5 -2
right_child=1 3 -4 -5 -6 -7
leaf_value=-0.08472689479354964 0.025273355832704476 -0.0857016000338226 -0.084158511777855785 0.042402050860266577 -0.04100969521186041 0.085321535739632137
leaf_weight=0.96815906465053636 0.74245595932006647 1.9423214346170428 0.72437666356563557 0.99239054322242726 0.98971728980541218 3.3914371877908707
leaf_count=4 3 8 3 4 4 14
internal_value=0 0.00933952 0.0352963 -0.0423318 0.0522179 0.0745755
internal_weight=0 8.7827 5.84799 2.93471 5.12361 4.13389
internal_count=40 36 24 12 21 17
is_linear=0
shrinkage=0.05


Tree=5
num_leaves=8
num_cat=0
split_feature=13 1 13 12 8 10 10
split_gain=3.25053 3.4118 5.76518 4.30743 2.10045 4.61574 0.53962
threshold=-227094811.73525909 1.0000000180025095e-35 -1.0000000180025095e-35 220.50000000000003 112.50000000000001 595.50000000000011 1373.0000000000002
decision_type=2 2 2 2 2 2 2
left_child=-1 2 -2 -3 -5 -6 -4
right_child=1 3 6 4 5 -7 -8
leaf_value=0.087231213288558859 -0.090952604909175269 0.081312129773089423 0.08470903672540063 -0.08369213772420972 0.051940805945848781 -0.086158167399583777 0.032811386543668788
leaf_weight=0.9609192758798607 0.73229017853736911 0.71164457499980915 1.6868577599525436 2.387464702129364 1.2016658335924151 1.2169958949089048 0.72874771058559407
leaf_count=4 3 3 7 10 5 5 3
internal_value=0 -0.00968043 0.0318302 -0.0333898 -0.0504088 -0.0174867 0.0691203
internal_weight=0 8.66567 3.1479 5.51777 4.80613 2.41866 2.41561
internal_count=40 36 13 23 20 10 10
is_linear=0
shrinkage=0.05


Tree=6
num_leaves=9
num_cat=0
split_feature=6 6 3 5 6 12 8 7
split_gain=4.74962 3.39341 3.29236 4.2165 2.09746 1.13883 0.580627 0.00367025
threshold=2200.0000000000005 1423.0000000000002 -8740.4492622724301 1.0000000180025095e-35 829.50000000000011 879.50000000000011 469.50000000000006 155.00000000000003
decision_type=2 2 2 2 2 2 2 2
left_child=1 2 -1 4 -4 -5 -2 -7
right_child=6 -3 3 5 -6 7 -8 -9
leaf_value=0.084303535728030121 0.083634591488662105 -0.081996141462843231 -0.027921614555339376 -0.018694180733251534 0.08101892078105756 -0.088204424928505401 0.028177179165769214 -0.07881138226238682
leaf_weight=0.94710595905780781 1.4376793503761294 1.6622441262006757 0.70408964157104481 1.1869616210460665 1.1780629009008405 0.72833225131034829 0.71732634305953968 0.92931601405143738
leaf_count=4 6 7 3 5 5 3 3 4
internal_value=0 -0.0191752 -0.000741175 -0.0178176 0.0401884 -0.0562502 0.0652506 -0.0830439
internal_weight=0 7.33611 5.67387 4.72676 1.88215 2.84461 2.15501 1.65765
internal_count=40 31 24 20 8 12 9 7
is_linear=0
shrinkage=0.05


Tree=7
num_leaves=8
num_cat=0
split_feature=6 6 3 5 6 12 8
split_gain=4.34699 3.13128 3.02526 3.85419 1.93803 1.07093 0.54877
threshold=2200.0000000000005 1423.0000000000002 -8740.4492622724301 1.0000000180025095e-35 829.50000000000011 879.50000000000011 469.50000000000006
decision_type=2 2 2 2 2 2 2
left_child=1 2 -1 4 -4 -5 -2
right_child=6 -3 3 5 -6 -7 -8
leaf_value=0.081594739956631843 0.080938191891589739 -0.079475750391240718 -0.026584409191111453 -0.017767818399878066 0.078603231352700281 -0.080427375326959261 0.02682054834782829
leaf_weight=0.93005937337875355 1.4119523167610171 1.6300314068794248 0.70258414745330799 1.1864329278469088 1.1541665345430372 1.6268790215253828 0.71597914397716511
leaf_count=4 6 7 3 5 5 7 3
internal_value=0 -0.0184919 -0.000711334 -0.0171391 0.0387226 -0.0540603 0.0628059
internal_weight=0 7.23015 5.60012 4.67006 1.85675 2.81331 2.12793
internal_count=40 31 24 20 8 12 9
is_linear=0
shrinkage=0.05


Tree=8
num_leaves=9
num_cat=0
split_feature=6 6 0 3 6 0 4 4
split_gain=3.98571 2.89726 3.71226 4.43252 1.33163 0.579276 0.531746 0.00236557
threshold=2200.0000000000005 1423.0000000000002 0.22916666666666677 27905.744846711055 555.00000000000011 0.77083333333333359 6276.7482434856502 -22420.779518030082
decision_type=2 2 2 2 2 2 2 2
left_child=1 2 -1 4 -4 -5 -2 -6
right_child=6 -3 3 5 7 -7 -8 -9
leaf_value=-0.080180520216574236 0.078730505849484558 -0.077221058719816493 0.0049008843967923215 -0.08426026706585793 0.083006379217266016 -0.019721364212526848 0.025265341958737239 0.074823036751648572
leaf_weight=1.1601515114307401 1.3816697448492052 1.5946462154388426 0.91267667710781131 0.71266041696071603 0.70692831277847279 0.69356599450111389 0.71596932411193837 1.3323172628879549
leaf_count=5 6 7 4 3 3 3 3 6
internal_value=0 -0.017865 -0.000682303 0.0204502 0.0552764 -0.0525462 0.0605591 0.077745
internal_weight=0 7.11295 5.5183 4.35815 2.95192 1.40623 2.09764 2.03925
internal_count=40 31 24 19 13 6 9 9
is_linear=0
shrinkage=0.05


Tree=9
num_leaves=8
num_cat=0
split_feature=6 6 0 14 1 0 4
split_gain=3.65999 2.68736 3.42279 2.9726 2.77581 0.580645 0.507889
threshold=2200.0000000000005 1423.0000000000002 0.22916666666666677 -40094312.798705153 1.0000000180025095e-35 0.77083333333333359 6276.7482434856502
decision_type=2 2 2 2 2 2 2
left_child=1 2 -1 -4 -5 -6 -2
right_child=6 -3 3 4 5 -7 -8
leaf_value=-0.077878501888078822 0.07656218684580611 -0.075194248632496005 0.075096086323794331 0.048352811281694726 -0.079770108477211832 -0.01879066033715943 0.024061073118430875
leaf_weight=1.135357469320297 1.3505551666021349 1.5567152500152586 1.5497381985187524 1.134740069508553 0.91977454721927643 0.69158892333507538 0.71427270770072926
leaf_count=5 6 7 7 5 4 3 3
internal_value=0 -0.0172838 -0.000654485 0.0197246 -0.0114744 -0.0536991 0.0584793
internal_weight=0 6.98791 5.4312 4.29584 2.7461 1.61136 2.06483
internal_count=40 31 24 19 12 7 9
is_linear=0
shrinkage=0.05


Tree=10
num_leaves=8
num_cat=0
split_feature=13 1 9 8 9 11 0
split_gain=2.18099 2.3 4.09453 3.17671 3.31483 1.64511 0.642573
threshold=-227094811.73525909 1.0000000180025095e-35 5209.0000000000009 112.50000000000001 10112.000000000002 56.000000000000007 0.22916666666666677
decision_type=2 2 2 2 2 2 2
left_child=-1 2 -2 -3 5 -5 -4
right_child=1 3 6 4 -6 -7 -8
leaf_value=0.075244032836155481 -0.07941290108632508 -0.074357244681992424 0.018680059804859622 0.074578010191159283 -0.074610023743807471 -0.021023202480052447 0.076847564455954753
leaf_weight=0.86845412850380022 0.69411186873912667 2.1716209203004837 0.68934595584869418 1.3041765540838244 0.88646154105663288 0.68364278972148884 1.5822437852621076
leaf_count=4 3 10 3 6 4 3 7
internal_value=0 -0.00816299 0.0267538 -0.0287151 0.00572144 0.041626 0.0592664
internal_weight=0 8.0116 2.9657 5.0459 2.87428 1.98782 2.27159
internal_count=40 36 13 23 13 9 10
is_linear=0
shrinkage=0.05


end of trees

feature_importances:
AirConditioner_midnight=11
Microwave_daytime=8
day_cos=7
RiceCooker_midnight=7
age=6
ClothesWasher_daytime=6
ClothesWasher_midnight=6
edu_0=5
TV_daytime=5
IH_daytime=4
day_sin_*_AirConditioner_daytime=4
day_sin=3
AirConditioner_daytime=3
edu_1=2
day_sin_*_Microwave_daytime=1

parameters:
[boosting: gbdt]
[objective: binary]
[metric: roc_auc]
[tree_learner: serial]
[device_type: cpu]
[data_sample_strategy: bagging]
[data: ]
[valid: ]
[num_iterations: 10000]
[learning_rate: 0.05]
[num_leaves: 9]
[num_threads: 0]
[seed: 0]
[deterministic: 0]
[force_col_wise: 0]
[force_row_wise: 0]
[histogram_pool_size: -1]
[max_depth: -1]
[min_data_in_leaf: 3]
[min_sum_hessian_in_leaf: 0.001]
[bagging_fraction: 0.971979]
[pos_bagging_fraction: 1]
[neg_bagging_fraction: 1]
[bagging_freq: 2]
[bagging_seed: 3]
[feature_fraction: 0.714986]
[feature_fraction_bynode: 1]
[feature_fraction_seed: 2]
[extra_trees: 0]
[extra_seed: 6]
[early_stopping_round: 0]
[early_stopping_min_delta: 0]
[first_metric_only: 0]
[max_delta_step: 0]
[lambda_l1: 0.00298452]
[lambda_l2: 0.000304143]
[linear_lambda: 0]
[min_gain_to_split: 0]
[drop_rate: 0.1]
[max_drop: 50]
[skip_drop: 0.5]
[xgboost_dart_mode: 0]
[uniform_drop: 0]
[drop_seed: 4]
[top_rate: 0.2]
[other_rate: 0.1]
[min_data_per_group: 100]
[max_cat_threshold: 32]
[cat_l2: 10]
[cat_smooth: 10]
[max_cat_to_onehot: 4]
[top_k: 20]
[monotone_constraints: ]
[monotone_constraints_method: basic]
[monotone_penalty: 0]
[feature_contri: ]
[forcedsplits_filename: ]
[refit_decay_rate: 0.9]
[cegb_tradeoff: 1]
[cegb_penalty_split: 0]
[cegb_penalty_feature_lazy: ]
[cegb_penalty_feature_coupled: ]
[path_smooth: 0]
[interaction_constraints: ]
[verbosity: -1]
[saved_feature_importance_type: 0]
[use_quantized_grad: 0]
[num_grad_quant_bins: 4]
[quant_train_renew_leaf: 0]
[stochastic_rounding: 1]
[linear_tree: 0]
[max_bin: 255]
[max_bin_by_feature: ]
[min_data_in_bin: 3]
[bin_construct_sample_cnt: 200000]
[data_random_seed: 1]
[is_enable_sparse: 1]
[enable_bundle: 1]
[use_missing: 1]
[zero_as_missing: 0]
[feature_pre_filter: 1]
[pre_partition: 0]
[two_round: 0]
[header: 0]
[label_column: ]
[weight_column: ]
[group_column: ]
[ignore_column: ]
[categorical_feature: ]
[forcedbins_filename: ]
[precise_float_parser: 0]
[parser_config_file: ]
[objective_seed: 5]
[num_class: 1]
[is_unbalance: 0]
[scale_pos_weight: 1]
[sigmoid: 1]
[boost_from_average: 1]
[reg_sqrt: 0]
[alpha: 0.9]
[fair_c: 1]
[poisson_max_delta_step: 0.7]
[tweedie_variance_power: 1.5]
[lambdarank_truncation_level: 30]
[lambdarank_norm: 1]
[label_gain: ]
[lambdarank_position_bias_regularization: 0]
[eval_at: ]
[multi_error_top_k: 1]
[auc_mu_weights: ]
[num_machines: 1]
[local_listen_port: 12400]
[time_out: 120]
[machine_list_filename: ]
[machines: ]
[gpu_platform_id: -1]
[gpu_device_id: -1]
[gpu_use_dp: 0]
[num_gpu: 1]

end of parameters

pandas_categorical:null
