tree
version=v4
num_class=1
num_tree_per_iteration=1
label_index=0
max_feature_idx=14
objective=binary sigmoid:1
feature_names=age edu_0 edu_1 day_cos day_sin AirConditioner_daytime AirConditioner_midnight ClothesWasher_daytime ClothesWasher_midnight Microwave_daytime RiceCooker_midnight TV_daytime IH_daytime day_sin_*_AirConditioner_daytime day_sin_*_Microwave_daytime
feature_infos=[0.125:1] [0:1] [0:1] [-28246.979281322816:28258.499601179032] [-27926.87089210856:25855.824907370356] [0:18829] [0:2562] [17:565] [0:725] [1041:23382] [101:2583] [0:8680] [0:8210] [-243925527.74967027:278589351.79325044] [-441825756.21729302:269883100.38313174]
tree_sizes=670 545 946 928 955 957 957 953 948 947 940 948 949 949

Tree=0
num_leaves=6
num_cat=0
split_feature=12 14 0 7 3
split_gain=9.03542 5.54182 2.99746 1.02496 2.66389
threshold=6179.0000000000009 -37586613.818675615 0.22916666666666677 228.50000000000003 26525.983121570705
decision_type=2 2 2 2 2
left_child=1 2 -1 4 -3
right_child=-2 3 -4 -5 -6
leaf_value=-0.099881155210513772 0.099976215375564448 0.099881155210513647 0.099960363313480294 -0.099988106707897484 -0.09994055313233971
leaf_weight=0.25 1.2499999999999998 0.25000000000000033 0.75 2.5 0.5
leaf_count=1 5 1 3 10 2
internal_value=0 -0.0529365 0.0499806 -0.0846072 -0.033312
internal_weight=0 4.25 1 3.25 0.75
internal_count=22 17 4 13 3
is_linear=0
shrinkage=0.05


Tree=1
num_leaves=4
num_cat=0
split_feature=12 13 13
split_gain=8.1757 4.86548 6.20221
threshold=6179.0000000000009 -703295.53239113709 -10389321.070768077
decision_type=2 2 2
left_child=1 2 -1
right_child=-2 -3 -4
leaf_value=-0.095206312817174107 0.095219889251110579 -0.095231092456125821 0.095215736867125741
leaf_weight=0.74813048541545868 1.2468817085027692 2.4937625080347061 0.99750712513923623
leaf_count=3 5 10 4
internal_value=0 -0.0504178 0.0135994
internal_weight=0 4.2394 1.74564
internal_count=22 17 7
is_linear=0
shrinkage=0.05


Tree=2
num_leaves=8
num_cat=0
split_feature=5 7 9 3 7 1 1
split_gain=4.32938 5.53561 5.21873 1.30486 4.84296 0.0175227 0.010387
threshold=10.000000000000002 228.50000000000003 12014.000000000002 27073.141903631498 170.50000000000003 1.0000000180025095e-35 1.0000000180025095e-35
decision_type=2 2 2 2 2 2 2
left_child=-1 3 -3 6 -5 -4 -2
right_child=1 2 5 4 -6 -7 -8
leaf_value=-0.091097925459796517 0.099706100843949944 -0.091110382385713715 0.11064992784642898 0.11073247853098288 -0.0910783412726935 0.091021057959248822 0.091120297077365464
leaf_weight=0.74290430545806874 0.49999722838401828 1.2381663173437116 0.24763314425945282 0.74290347099304177 0.49526858329772949 0.24763369560241688 1.9810729026794436
leaf_count=3 2 5 1 3 2 1 8
internal_value=0 0.037547 -0.0362407 0.0719398 0.0299991 0.100896 0.0928624
internal_weight=0 5.45268 1.73343 3.71924 1.23817 0.495267 2.48107
internal_count=25 22 7 15 5 2 10
is_linear=0
shrinkage=0.05


Tree=3
num_leaves=8
num_cat=0
split_feature=8 10 2 10 0 0 3
split_gain=3.94399 5.53716 4.30748 1.40546 1.49963 1.07244 1.49951
threshold=8.5000000000000018 646.50000000000011 1.0000000180025095e-35 324.00000000000006 0.39583333333333354 0.77083333333333359 23706.966927369594
decision_type=2 2 2 2 2 2 2
left_child=-1 3 5 4 -2 -3 -7
right_child=1 2 -4 -5 -6 6 -8
leaf_value=-0.087516286999674647 -0.087442907223321431 -0.0875296554103321 0.10434682901783632 0.092019905458682882 0.087444139097721224 0.087441165407800517 -0.087439920585473063
leaf_weight=0.73484244942665089 0.24494794011116061 1.2247308641672137 0.49910870194435109 2.712373211979866 0.2449490875005722 0.24494633078575123 0.24494516849517822
leaf_count=3 1 5 2 11 1 1 1
internal_value=0 0.0359099 -0.0248909 0.0779433 0 -0.062524 0
internal_weight=0 5.416 2.21373 3.20227 0.489897 1.71462 0.489891
internal_count=25 22 9 13 2 7 2
is_linear=0
shrinkage=0.05


Tree=4
num_leaves=8
num_cat=0
split_feature=7 0 11 8 7 8 11
split_gain=5.76016 3.79516 2.30599 2.32164 1.30529 1.37074 0.0288164
threshold=259.00000000000006 0.22916666666666677 7469.0000000000009 8.5000000000000018 228.50000000000003 260.50000000000006 1.0000000180025095e-35
decision_type=2 2 2 2 2 2 2
left_child=1 -1 3 -3 6 -6 -5
right_child=-2 2 -4 4 5 -7 -8
leaf_value=-0.091979884934548992 -0.084382513212127308 -0.084297141233914005 -0.091988141101421436 0.094544095707639109 0.084143695033577354 -0.084293943257344989 0.084279550635871364
leaf_weight=0.49146027863025654 1.2073244601488111 0.24146801233291704 0.24816127121448506 1.2378540188074119 0.24126750230789173 0.24146386981010437 1.6892546415328977
leaf_count=2 5 1 1 5 1 1 7
internal_value=0 0.0389249 0.0554295 0.0654559 0.0760678 -9.04852e-05 0.0886298
internal_weight=0 4.39093 3.89947 3.65131 3.40984 0.482731 2.92711
internal_count=23 18 16 15 14 2 12
is_linear=0
shrinkage=0.05


Tree=5
num_leaves=8
num_cat=0
split_feature=10 12 0 3 9 8 3
split_gain=3.36616 3.85292 3.71927 2.47422 2.04085 0.0233693 0.00780613
threshold=945.00000000000011 690.00000000000011 0.22916666666666677 27870.106188148584 6785.0000000000009 260.50000000000006 -1.0000000180025095e-35
decision_type=2 2 2 2 2 2 2
left_child=2 -2 6 5 -5 -4 -1
right_child=1 -3 3 4 -6 -7 -8
leaf_value=-0.094949460351779494 0.081572184844978857 -0.082765343796718044 0.082108235482483888 0.095030693598930294 -0.081569299412214843 0.094579609652455432 -0.081274933077212619
leaf_weight=0.24932615458965302 0.47466784715652455 1.4323119819164274 1.9026811867952353 0.24934929609298695 0.47465810179710388 0.4983941763639449 0.23691946268081698
leaf_count=1 2 6 8 1 2 2 1
internal_value=0 -0.0418508 0.0402618 0.0602793 -0.0207256 0.0847086 -0.0883427
internal_weight=0 1.90698 3.61133 3.12508 0.724007 2.40108 0.486246
internal_count=23 8 15 13 3 10 2
is_linear=0
shrinkage=0.05


Tree=6
num_leaves=8
num_cat=0
split_feature=9 14 3 1 3 14 3
split_gain=3.90586 2.90909 1.98276 1.7576 1.91768 1.29344 1.33616
threshold=1413.5000000000002 221731305.53942671 -1.0000000180025095e-35 1.0000000180025095e-35 27073.141903631498 -5283191.0466665486 19148.377246025066
decision_type=2 2 2 2 2 2 2
left_child=-1 3 -3 4 -2 6 -5
right_child=1 2 -4 5 -6 -7 -8
leaf_value=0.09085387476913219 0.081291108625181324 -0.078998825981442242 0.089049125088977776 -0.085095600041806885 -0.09052624934693565 -0.084611158894285596 0.023034304571209769
leaf_weight=0.74246077239513386 0.47186751663684834 0.23256367444992065 0.71331702172756184 0.47973850369453408 0.24733315408229828 2.3939525485038762 0.70554856956005096
leaf_count=3 2 1 3 2 1 10 3
internal_value=0 -0.0316598 0.0477133 -0.0491295 0.0221814 -0.0634615 -0.0207302
internal_weight=0 5.24432 0.945881 4.29844 0.719201 3.57924 1.18529
internal_count=25 22 4 18 3 15 5
is_linear=0
shrinkage=0.05


Tree=7
num_leaves=8
num_cat=0
split_feature=2 3 12 5 13 3 6
split_gain=2.76092 3.18329 3.10854 2.36749 1.73747 2.40573 0.0319223
threshold=1.0000000180025095e-35 28229.183297423322 6179.0000000000009 84.000000000000014 -703295.53239113709 19148.377246025066 2437.5000000000005
decision_type=2 2 2 2 2 2 2
left_child=1 2 4 -2 5 -1 -5
right_child=3 -3 -4 6 -6 -7 -8
leaf_value=-0.082345378745168327 -0.087010666063928543 0.087432298980171089 0.076474349534721014 0.08168645616145094 -0.081711601779182214 0.078175368835595269 0.10288134336240345
leaf_weight=0.47207786142826069 0.24453698098659493 0.48977300524711598 0.4529709219932555 0.7068304717540741 2.8216361403465275 0.46127708256244659 0.24978753924369812
leaf_count=2 1 2 2 3 12 2 1
internal_value=0 -0.0331797 -0.0472238 0.0517577 -0.0621515 -0.00300425 0.0872513
internal_weight=0 4.69774 4.20796 1.20115 3.75499 0.933355 0.956618
internal_count=25 20 18 5 16 4 4
is_linear=0
shrinkage=0.05


Tree=8
num_leaves=8
num_cat=0
split_feature=0 11 6 4 0 3 4
split_gain=4.4522 3.4394 1.89375 0.897865 1.01143 0.894108 1.16576
threshold=0.4791666666666668 7469.0000000000009 460.00000000000006 -18053.278173568295 0.22916666666666677 27870.106188148584 1.0000000180025095e-35
decision_type=2 2 2 2 2 2 2
left_child=3 2 -2 4 -1 -4 -7
right_child=1 -3 5 -5 -6 6 -8
leaf_value=-0.074378098931341965 -0.0789570577084725 -0.087435067774159464 0.085863463281615315 -0.078460255955289826 0.076099203629248199 0.084239552798866843 -0.074571121185193323
leaf_weight=0.22067663073539767 0.23247539997100908 0.48947313427925099 1.8853868991136553 1.6079293489456175 0.22563621401786804 0.24139313399791706 0.22126743197441101
leaf_count=1 1 2 8 7 1 1 1
internal_value=0 0.0340482 0.0570999 -0.0610466 0.00167618 0.0705802 0.00826922
internal_weight=0 3.07 2.58052 2.05424 0.446313 2.34805 0.462661
internal_count=22 13 11 9 2 10 2
is_linear=0
shrinkage=0.05


Tree=9
num_leaves=8
num_cat=0
split_feature=0 11 0 9 4 0 0
split_gain=4.11146 3.15998 0.865083 2.78482 0.828558 0.938018 0.037089
threshold=0.4791666666666668 7469.0000000000009 0.66666666666666685 10468.000000000002 -18053.278173568295 0.22916666666666677 0.77083333333333359
decision_type=2 2 2 2 2 2 2
left_child=4 2 3 -2 5 -1 -4
right_child=1 -3 6 -5 -6 -7 -8
leaf_value=-0.072621435554442254 -0.074881350727413629 -0.084299618013535416 0.10352201006010518 0.078481575881949608 -0.076326407558299142 0.074177713336468151 0.081512238973119822
leaf_weight=0.2148661017417911 0.44281938672065801 0.48247644305229176 0.24969096481800057 0.89161577820777893 1.5711730569601057 0.22005365788936615 0.94873830676078796
leaf_count=1 2 2 1 4 7 1 4
internal_value=0 0.0329452 0.0552874 0.027579 -0.059422 0.00163258 0.0861226
internal_weight=0 3.01534 2.53286 1.33444 2.00609 0.43492 1.19843
internal_count=22 13 11 6 9 2 5
is_linear=0
shrinkage=0.05


Tree=10
num_leaves=8
num_cat=0
split_feature=8 9 3 4 4 4 3
split_gain=2.90503 2.13158 1.34681 1.49574 1.5867 0.469628 1.25902
threshold=116.50000000000001 10140.000000000002 27870.106188148584 -26328.252312581822 22557.87643388737 9769.7434456553819 23706.966927369594
decision_type=2 2 2 2 2 2 2
left_child=1 -1 3 -2 5 -5 -7
right_child=2 -3 -4 4 -6 6 -8
leaf_value=-0.077361123208949306 -0.079816148672663081 0.083937352092532808 -0.082834289956481538 0.08263989020343078 -0.074949867169773948 0.070813519204366002 -0.070999539146862342
leaf_weight=1.3573230504989622 0.23422871530056033 0.24099300801753987 0.23942837119102467 1.4057895094156276 0.22240065038204182 0.62306199967861164 0.20874930918216705
leaf_count=6 1 1 1 6 1 3 1
internal_value=0 -0.0530273 0.0307506 0.0408535 0.0523525 0.0650152 0.0352047
internal_weight=0 1.59832 2.93366 2.69423 2.46 2.2376 0.831811
internal_count=20 7 13 12 11 10 4
is_linear=0
shrinkage=0.05


Tree=11
num_leaves=8
num_cat=0
split_feature=0 7 11 0 8 6 5
split_gain=3.36921 1.93219 2.01729 1.61962 1.4227 0.0134413 0.00674017
threshold=0.39583333333333354 228.50000000000003 7469.0000000000009 0.66666666666666685 165.50000000000003 566.50000000000011 1184.0000000000002
decision_type=2 2 2 2 2 2 2
left_child=-1 2 5 4 6 -2 -3
right_child=1 3 -4 -5 -6 -7 -8
leaf_value=-0.074704548564983569 0.069387333257480588 -0.082529598572724017 -0.080215619446971892 0.094417260742346965 0.070689026348904366 0.078927524517135528 -0.071969631515443264
leaf_weight=1.0995860546827314 0.60454858839511905 0.23896631598472573 0.23500044643878926 0.24916355311870564 0.20748880505561829 1.1583920568227766 0.63473407924175262
leaf_count=5 3 1 1 1 1 5 3
internal_value=0 0.0262376 0.0573233 -0.0204422 -0.0469333 0.0756697 -0.0748871
internal_weight=0 3.32829 1.99794 1.33035 1.08119 1.76294 0.8737
internal_count=20 15 9 6 5 8 4
is_linear=0
shrinkage=0.05


Tree=12
num_leaves=8
num_cat=0
split_feature=0 8 4 0 4 0 0
split_gain=3.27629 1.59106 1.55885 1.13434 1.72689 0.0126166 0.00183052
threshold=0.4791666666666668 116.50000000000001 20068.622093508086 0.39583333333333354 -6276.7482434853309 0.77083333333333359 0.87500000000000033
decision_type=2 2 2 2 2 2 2
left_child=2 -2 3 -1 -5 -3 -7
right_child=1 5 -4 4 -6 6 -8
leaf_value=-0.072681510743195427 -0.071351306527196984 0.068084326187875369 0.089648447997572392 0.072725932427426684 -0.070794243603133952 0.0794356804580722 0.074265720811548572
leaf_weight=1.2805353105068213 0.21014152467250813 0.58579207956790913 0.24674655497074116 0.42592065036296844 0.41225960850715626 0.69995923340320565 0.44029028713703156
leaf_count=6 1 3 1 2 2 3 2
internal_value=0 0.0584747 -0.0292298 -0.043086 0.00212448 0.0742926 0.0774612
internal_weight=0 1.93618 2.36546 2.11872 0.83818 1.72604 1.14025
internal_count=20 9 11 10 4 8 5
is_linear=0
shrinkage=0.05


Tree=13
num_leaves=8
num_cat=0
split_feature=5 3 10 3 11 9 6
split_gain=1.40072 1.58003 1.5155 1.22701 0.628433 1.07067 1.20218
threshold=84.000000000000014 21832.927588028888 1335.5000000000002 -6612.6259970458968 1.0000000180025095e-35 10468.000000000002 989.00000000000011
decision_type=2 2 2 2 2 2 2
left_child=1 -1 3 -2 -5 6 -6
right_child=2 -3 -4 4 5 -7 -8
leaf_value=0.077066549618143632 -0.073732052986005589 -0.071313580201756557 -0.066895922510893532 0.077417607095804281 -0.070784791190744878 0.06718025357195892 0.073906445862776268
leaf_weight=0.22813498973846413 0.21863225102424655 0.83669592440128326 0.3782254010438918 1.1289802938699729 0.41495779156684853 0.76167410612106323 0.21919442713260651
leaf_count=1 1 4 2 5 2 4 1
internal_value=0 -0.0395065 0.0268973 0.0398356 0.0496786 0.027228 -0.0207502
internal_weight=0 1.06483 3.12166 2.74344 2.52481 1.39583 0.634152
internal_count=20 5 15 13 12 7 3
is_linear=0
shrinkage=0.05


end of trees

feature_importances:
age=17
day_cos=15
day_sin=8
ClothesWasher_midnight=7
ClothesWasher_daytime=6
Microwave_daytime=6
TV_daytime=6
AirConditioner_daytime=4
AirConditioner_midnight=4
RiceCooker_midnight=4
IH_daytime=4
edu_0=3
day_sin_*_AirConditioner_daytime=3
day_sin_*_Microwave_daytime=3
edu_1=2

parameters:
[boosting: gbdt]
[objective: binary]
[metric: roc_auc]
[tree_learner: serial]
[device_type: cpu]
[data_sample_strategy: bagging]
[data: ]
[valid: ]
[num_iterations: 10000]
[learning_rate: 0.05]
[num_leaves: 8]
[num_threads: 0]
[seed: 0]
[deterministic: 0]
[force_col_wise: 0]
[force_row_wise: 0]
[histogram_pool_size: -1]
[max_depth: -1]
[min_data_in_leaf: 1]
[min_sum_hessian_in_leaf: 0.001]
[bagging_fraction: 0.558766]
[pos_bagging_fraction: 1]
[neg_bagging_fraction: 1]
[bagging_freq: 2]
[bagging_seed: 3]
[feature_fraction: 0.571252]
[feature_fraction_bynode: 1]
[feature_fraction_seed: 2]
[extra_trees: 0]
[extra_seed: 6]
[early_stopping_round: 0]
[early_stopping_min_delta: 0]
[first_metric_only: 0]
[max_delta_step: 0]
[lambda_l1: 0.000182697]
[lambda_l2: 0.000206008]
[linear_lambda: 0]
[min_gain_to_split: 0]
[drop_rate: 0.1]
[max_drop: 50]
[skip_drop: 0.5]
[xgboost_dart_mode: 0]
[uniform_drop: 0]
[drop_seed: 4]
[top_rate: 0.2]
[other_rate: 0.1]
[min_data_per_group: 100]
[max_cat_threshold: 32]
[cat_l2: 10]
[cat_smooth: 10]
[max_cat_to_onehot: 4]
[top_k: 20]
[monotone_constraints: ]
[monotone_constraints_method: basic]
[monotone_penalty: 0]
[feature_contri: ]
[forcedsplits_filename: ]
[refit_decay_rate: 0.9]
[cegb_tradeoff: 1]
[cegb_penalty_split: 0]
[cegb_penalty_feature_lazy: ]
[cegb_penalty_feature_coupled: ]
[path_smooth: 0]
[interaction_constraints: ]
[verbosity: -1]
[saved_feature_importance_type: 0]
[use_quantized_grad: 0]
[num_grad_quant_bins: 4]
[quant_train_renew_leaf: 0]
[stochastic_rounding: 1]
[linear_tree: 0]
[max_bin: 255]
[max_bin_by_feature: ]
[min_data_in_bin: 3]
[bin_construct_sample_cnt: 200000]
[data_random_seed: 1]
[is_enable_sparse: 1]
[enable_bundle: 1]
[use_missing: 1]
[zero_as_missing: 0]
[feature_pre_filter: 1]
[pre_partition: 0]
[two_round: 0]
[header: 0]
[label_column: ]
[weight_column: ]
[group_column: ]
[ignore_column: ]
[categorical_feature: ]
[forcedbins_filename: ]
[precise_float_parser: 0]
[parser_config_file: ]
[objective_seed: 5]
[num_class: 1]
[is_unbalance: 0]
[scale_pos_weight: 1]
[sigmoid: 1]
[boost_from_average: 1]
[reg_sqrt: 0]
[alpha: 0.9]
[fair_c: 1]
[poisson_max_delta_step: 0.7]
[tweedie_variance_power: 1.5]
[lambdarank_truncation_level: 30]
[lambdarank_norm: 1]
[label_gain: ]
[lambdarank_position_bias_regularization: 0]
[eval_at: ]
[multi_error_top_k: 1]
[auc_mu_weights: ]
[num_machines: 1]
[local_listen_port: 12400]
[time_out: 120]
[machine_list_filename: ]
[machines: ]
[gpu_platform_id: -1]
[gpu_device_id: -1]
[gpu_use_dp: 0]
[num_gpu: 1]

end of parameters

pandas_categorical:null
