tree
version=v4
num_class=1
num_tree_per_iteration=1
label_index=0
max_feature_idx=14
objective=binary sigmoid:1
feature_names=age edu_0 edu_1 day_cos day_sin AirConditioner_daytime AirConditioner_midnight ClothesWasher_daytime ClothesWasher_midnight Microwave_daytime RiceCooker_midnight TV_daytime IH_daytime day_sin_*_AirConditioner_daytime day_sin_*_Microwave_daytime
feature_infos=[0.083333333333333481:0.95833333333333348] [0:1] [0:1] [-27779.116305995773:28275.259223744863] [-28190.186045256571:27496.059858309189] [0:16549] [144:6526] [0:464] [0:1032] [54:17056] [49:3676] [0:6204] [244:9965] [-294814450.51317573:372679903.20581132] [-422550862.85317016:312697579.85578203]
tree_sizes=580 690 707 548 546 545 643 644 648 645 644 643 747 845 641 544 547 551 544 631 545 854 749 852 735 626 737 751 647 647 544 548 547 647 642 644 443 443 443 711 711 708 630 630 629 756 757 758 744 649 647 734 731 736 1044 865 953 754 647 649 640 652 652 833 932 838 632 641 644 532 742 637 645 758 651 634 728 638 552 551 448 859 840 926 759 759 762 619 742 619 743 942 736 640 639 733 731 732 755 640 640 642 533 531 531 640 554 639

Tree=0
num_leaves=5
num_cat=0
split_feature=3 14 6 0
split_gain=9.23057 6.54972 2.52768 1.524
threshold=-12999.062381645903 -86376444.947228566 811.50000000000011 0.39583333333333354
decision_type=2 2 2 2
left_child=3 2 -2 -1
right_child=1 -3 -4 -5
leaf_value=0 0.09761625434386792 -0.099284611889295493 -0.030984788531771251 0.098978086385378833
leaf_weight=0.50000000000000033 0.74999999999999978 2.5 0.75 1.7499999999999998
leaf_count=2 3 10 3 7
internal_value=0 -0.0495578 0.0321588 0.0769868
internal_weight=0 4 1.5 2.25
internal_count=25 16 6 9
is_linear=0
shrinkage=0.05


Tree=1
num_leaves=6
num_cat=0
split_feature=7 6 1 6 0
split_gain=8.50447 4.76452 1.50717 1.50038 0.839729
threshold=123.00000000000001 711.50000000000011 1.0000000180025095e-35 2050.0000000000005 0.81250000000000033
decision_type=2 2 2 2 2
left_child=3 4 -3 -1 -2
right_child=1 2 -4 -5 -6
leaf_value=0.09583872321089372 0 0 -0.095199256433656593 0 0.091770345030453601
leaf_weight=1.7468835562467577 0.49879030883312259 0.49877363443374712 2.4949594140052791 0.49938870966434468 0.49881076812744141
leaf_count=7 2 2 10 2 2
internal_value=0 -0.0475909 -0.0793393 0.0739855 0.0459252
internal_weight=0 3.99133 2.99373 2.24627 0.997601
internal_count=25 16 12 9 4
is_linear=0
shrinkage=0.05


Tree=2
num_leaves=6
num_cat=0
split_feature=7 0 12 14 3
split_gain=7.70538 4.35741 1.45279 1.4045 0.828853
threshold=123.00000000000001 0.81250000000000033 2446.0000000000005 -86376444.947228566 13214.7030157441
decision_type=2 2 2 2 2
left_child=2 3 -1 -2 -3
right_child=1 4 -4 -5 -6
leaf_value=0.092150137662989462 0 0.089747326513055808 -0.001362154024103616 -0.091269941622037692 0
leaf_weight=1.7391241490840914 0.49841286242008287 0.49716033041477192 0.49764283001422871 2.4799765050411224 0.49677909910678864
leaf_count=7 2 2 2 10 2
internal_value=0 -0.0454119 0.0705668 -0.0758791 0.0441192
internal_weight=0 3.97233 2.23677 2.97839 0.993939
internal_count=25 16 9 12 4
is_linear=0
shrinkage=0.05


Tree=3
num_leaves=4
num_cat=0
split_feature=3 14 7
split_gain=12.6511 5.03507 0.866107
threshold=5918.4258739299939 -86376444.947228566 222.50000000000003
decision_type=2 2 2
left_child=-1 2 -2
right_child=1 -3 -4
leaf_value=0.090804936148875248 0.089778447320598656 -0.091442919121686353 -0.00028781343867786567
leaf_weight=3.2147448509931564 0.49717700481414828 2.2193322330713272 0.49420028924942017
leaf_count=13 2 9 2
internal_value=0 -0.0493442 0.0431347
internal_weight=0 3.21071 0.991377
internal_count=26 13 4
is_linear=0
shrinkage=0.05


Tree=4
num_leaves=4
num_cat=0
split_feature=3 14 4
split_gain=11.5429 4.59158 0.794571
threshold=5918.4258739299939 -86376444.947228566 -23438.901112562049
decision_type=2 2 2
left_child=-1 2 -2
right_child=1 -3 -4
leaf_value=0.087220292516807241 0.086036996159386939 -0.087785992778984537 -0.00028134212001903829
leaf_weight=3.1803796142339706 0.49302057921886444 2.1967608034610748 0.494194716215134
leaf_count=13 2 9 2
internal_value=0 -0.047283 0.0410726
internal_weight=0 3.18398 0.987215
internal_count=26 13 4
is_linear=0
shrinkage=0.05


Tree=5
num_leaves=4
num_cat=0
split_feature=3 14 12
split_gain=10.5681 4.20241 0.794179
threshold=5918.4258739299939 -86376444.947228566 2446.0000000000005
decision_type=2 2 2
left_child=-1 2 -2
right_child=1 -3 -4
leaf_value=0.084066793423615976 -0.0024013387166420628 -0.08456892119722878 0.08430136494044374
leaf_weight=3.1358204483985901 0.49085852503776584 2.1670636385679245 0.49058613181114197
leaf_count=13 2 9 2
internal_value=0 -0.0454409 0.039173
internal_weight=0 3.14851 0.981445
internal_count=26 13 4
is_linear=0
shrinkage=0.05


Tree=6
num_leaves=5
num_cat=0
split_feature=1 3 5 6
split_gain=7.01728 4.03329 1.15698 1.02199
threshold=1.0000000180025095e-35 13214.7030157441 19.500000000000004 811.50000000000011
decision_type=2 2 2 2
left_child=-1 2 -2 -3
right_child=1 3 -4 -5
leaf_value=0.08798128882048778 -0.017119334037186389 -0.0010034492099309988 0.080717822788213212 -0.084753543213459848
leaf_weight=1.6642819344997404 0.47786509990692161 0.49026288092136416 0.71905511617660522 2.1409195959568024
leaf_count=7 2 2 3 9
internal_value=0 -0.034959 0.0402032 -0.0698157
internal_weight=0 3.8281 1.19692 2.63118
internal_count=23 16 5 11
is_linear=0
shrinkage=0.05


Tree=7
num_leaves=5
num_cat=0
split_feature=1 3 5 6
split_gain=6.4327 3.69324 1.07146 0.949441
threshold=1.0000000180025095e-35 13214.7030157441 19.500000000000004 811.50000000000011
decision_type=2 2 2 2
left_child=-1 2 -2 -3
right_child=1 3 -4 -5
leaf_value=0.08488992130567212 -0.01620913885734681 -0.00095327385672369907 0.078102039751731772 -0.081935378346620361
leaf_weight=1.6392834484577177 0.4794440418481829 0.49028402566909823 0.70631466805934906 2.1047501564025879
leaf_count=7 2 2 3 9
internal_value=0 -0.0336627 0.0385014 -0.0673117
internal_weight=0 3.78079 1.18576 2.59503
internal_count=23 16 5 11
is_linear=0
shrinkage=0.05


Tree=8
num_leaves=5
num_cat=0
split_feature=1 3 0 10
split_gain=5.91238 3.38906 1.0621 0.90981
threshold=1.0000000180025095e-35 13214.7030157441 0.70833333333333359 170.00000000000003
decision_type=2 2 2 2
left_child=-1 2 -2 -3
right_child=1 3 -4 -5
leaf_value=0.082135899599406648 -0.017808297086203163 -8.6185916891455436e-05 0.076654900485440616 -0.079582421349709387
leaf_weight=1.6102790683507917 0.47498334944248222 0.48952905833721194 0.69807751476764679 2.0647225081920624
leaf_count=7 2 2 3 9
internal_value=0 -0.0324765 0.0369222 -0.0650338
internal_weight=0 3.72731 1.17306 2.55425
internal_count=23 16 5 11
is_linear=0
shrinkage=0.05


Tree=9
num_leaves=5
num_cat=0
split_feature=13 3 3 5
split_gain=5.24151 4.77025 1.10674 1.08589
threshold=-16388499.579477802 -19495.31339821548 28037.490021631904 56.000000000000007
decision_type=2 2 2 2
left_child=-1 3 -3 -2
right_child=1 2 -4 -5
leaf_value=0.074139649713413094 0.073098893165140982 -0.086054560151164472 -0.012441217721618209 -0.017950641832910789
leaf_weight=1.3407253473997114 0.88573595881462075 2.575657427310944 0.70931404829025257 0.47742272913455963
leaf_count=6 4 11 3 2
internal_value=0 -0.0378748 -0.0706953 0.0399316
internal_weight=0 4.64813 3.28497 1.36316
internal_count=26 20 14 6
is_linear=0
shrinkage=0.05


Tree=10
num_leaves=5
num_cat=0
split_feature=13 3 3 5
split_gain=4.8352 4.36922 1.03065 1.01571
threshold=-16388499.579477802 -19495.31339821548 28037.490021631904 56.000000000000007
decision_type=2 2 2 2
left_child=-1 3 -3 -2
right_child=1 2 -4 -5
leaf_value=0.072287396057517786 0.071286355163813306 -0.083182034555282891 -0.011847653847129509 -0.016990805994634244
leaf_weight=1.307185426354408 0.86341986060142495 2.532470434904099 0.70767091214656819 0.47914990782737732
leaf_count=6 4 11 3 2
internal_value=0 -0.0365247 -0.0681452 0.0384829
internal_weight=0 4.58271 3.24014 1.34257
internal_count=26 20 14 6
is_linear=0
shrinkage=0.05


Tree=11
num_leaves=5
num_cat=0
split_feature=13 3 3 5
split_gain=4.46846 4.0099 0.96516 0.952021
threshold=-16388499.579477802 -19495.31339821548 28037.490021631904 56.000000000000007
decision_type=2 2 2 2
left_child=-1 3 -3 -2
right_child=1 2 -4 -5
leaf_value=0.070602475312550289 0.069631681866602874 -0.080612410669865811 -0.011281884118230464 -0.0160878116705678
leaf_weight=1.2723549157381056 0.84033569693565346 2.483776912093163 0.70606324076652516 0.48072245717048645
leaf_count=6 4 11 3 2
internal_value=0 -0.0352832 -0.0658179 0.0371199
internal_weight=0 4.5109 3.18984 1.32106
internal_count=26 20 14 6
is_linear=0
shrinkage=0.05


Tree=12
num_leaves=6
num_cat=0
split_feature=7 8 3 14 3
split_gain=3.40817 3.11898 2.92711 4.27952 0.00680404
threshold=257.50000000000006 82.500000000000014 5918.4258739299939 -86376444.947228566 15094.410582266448
decision_type=2 2 2 2 2
left_child=2 -2 -1 -4 -3
right_child=1 4 3 -5 -6
leaf_value=0.076494018380668272 0.042602792709977765 -0.10064499414609362 0.082112240273040718 -0.075143890773540403 -0.071987423342773929
leaf_weight=1.7685477286577227 0.64251635968685183 0.74457779526710488 0.70288825035095204 1.1108148843050001 0.82386451959609985
leaf_count=8 3 3 3 5 4
internal_value=0 -0.0483525 0.0305811 -0.0132315 -0.0867288
internal_weight=0 2.21096 3.58225 1.8137 1.56844
internal_count=26 10 16 8 7
is_linear=0
shrinkage=0.05


Tree=13
num_leaves=7
num_cat=0
split_feature=13 3 14 10 8 5
split_gain=2.45791 2.25053 1.50981 1.5327 1.45121 0.998411
threshold=66563889.327016555 5918.4258739299939 -86376444.947228566 1587.5000000000002 340.00000000000006 1159.5000000000002
decision_type=2 2 2 2 2 2
left_child=1 4 5 -4 -1 -3
right_child=-2 2 3 -5 -6 -7
leaf_value=0.07434824343953976 -0.070698612436861152 0.083395540706255836 -0.077226764995336886 0.030805169790645872 -0.023407109723532812 -0.017211426615135608
leaf_weight=1.7184188067913058 1.0000968426465986 0.48658467829227436 1.1427001059055331 0.43311549723148335 0.45530384778976429 0.45344795286655426
leaf_count=8 5 2 5 2 2 2
internal_value=0 0.015619 -0.0160451 -0.046424 0.0530675 0.0330186
internal_weight=0 4.68957 2.51585 1.57582 2.17372 0.940033
internal_count=26 21 11 7 10 4
is_linear=0
shrinkage=0.05


Tree=14
num_leaves=5
num_cat=0
split_feature=7 8 3 14
split_gain=2.94359 2.75604 2.53796 3.72009
threshold=257.50000000000006 82.500000000000014 5918.4258739299939 -86376444.947228566
decision_type=2 2 2 2
left_child=2 -2 -1 -4
right_child=1 -3 3 -5
leaf_value=0.072959964967057755 0.040519078919132402 -0.082292769166390292 0.077380452462712593 -0.071591672059115513
leaf_weight=1.689548581838608 0.63116702437400851 1.5203440487384794 0.68515485525131214 1.064504027366638
leaf_count=8 3 7 3 5
internal_value=0 -0.045451 0.0291047 -0.0122514
internal_weight=0 2.15151 3.43921 1.74966
internal_count=26 10 16 8
is_linear=0
shrinkage=0.05


Tree=15
num_leaves=4
num_cat=0
split_feature=3 13 8
split_gain=4.39113 2.40385 0.52564
threshold=-12999.062381645903 -2657932.439608186 159.50000000000003
decision_type=2 2 2
left_child=-1 2 -2
right_child=1 -3 -4
leaf_value=0.067877606895602113 -0.0063373786039173088 -0.071022168132118021 0.069418551925030561
leaf_weight=1.5439381897449491 0.4114888161420821 1.8048809766769411 0.42802765965461731
leaf_count=8 2 9 2
internal_value=0 -0.0382201 0.0302188
internal_weight=0 2.6444 0.839516
internal_count=21 13 4
is_linear=0
shrinkage=0.05


Tree=16
num_leaves=4
num_cat=0
split_feature=3 13 8
split_gain=4.08716 2.23906 0.493232
threshold=-12999.062381645903 -2657932.439608186 159.50000000000003
decision_type=2 2 2
left_child=-1 2 -2
right_child=1 -3 -4
leaf_value=0.066625505099868809 -0.0060188420456056451 -0.069553536244179759 0.067752302735710368
leaf_weight=1.4955413937568662 0.41162055730819691 1.7521872371435168 0.41691845655441284
leaf_count=8 2 9 2
internal_value=0 -0.0372335 0.0290071
internal_weight=0 2.58073 0.828539
internal_count=21 13 4
is_linear=0
shrinkage=0.05


Tree=17
num_leaves=4
num_cat=0
split_feature=3 13 11
split_gain=3.80837 2.08852 0.475592
threshold=-12999.062381645903 -2657932.439608186 1.0000000180025095e-35
decision_type=2 2 2
left_child=-1 2 -2
right_child=1 -3 -4
leaf_value=0.065468007689193627 -0.0064824408281349555 -0.068201911358192382 0.06645833598390663
leaf_weight=1.4471196234226229 0.40877684950828586 1.6989259719848631 0.40854005515575409
leaf_count=8 2 9 2
internal_value=0 -0.0363072 0.0278529
internal_weight=0 2.51624 0.817317
internal_count=21 13 4
is_linear=0
shrinkage=0.05


Tree=18
num_leaves=4
num_cat=0
split_feature=7 0 6
split_gain=4.45616 1.95067 1.86517
threshold=123.00000000000001 0.81250000000000033 3414.5000000000005
decision_type=2 2 2
left_child=-1 2 -2
right_child=1 -3 -4
leaf_value=0.068099917146862962 -0.076195401778267183 0.065330941368569262 0.039287825502831802
leaf_weight=1.8254676461219785 1.7470208555459983 0.40094658732414235 0.4150719642639159
leaf_count=10 9 2 2
internal_value=0 -0.0339794 -0.0532133
internal_weight=0 2.56304 2.16209
internal_count=23 13 11
is_linear=0
shrinkage=0.05


Tree=19
num_leaves=5
num_cat=0
split_feature=7 0 8 13
split_gain=4.14658 1.80428 0.907764 0.0011109
threshold=123.00000000000001 0.81250000000000033 82.500000000000014 -604070.5599686458
decision_type=2 2 2 2
left_child=-1 2 -2 -4
right_child=1 -3 3 -5
leaf_value=0.066919480496547556 0 0.063962435438976659 -0.086194161495338886 -0.059526125450525103
leaf_weight=1.7662936002016065 0.65583616495132524 0.38935193419456471 0.70006275177001975 0.7635080367326732
leaf_count=10 3 2 3 5
internal_value=0 -0.0329395 -0.0515749 -0.0734968
internal_weight=0 2.50876 2.11941 1.46357
internal_count=23 13 11 8
is_linear=0
shrinkage=0.05


Tree=20
num_leaves=4
num_cat=0
split_feature=7 0 6
split_gain=3.86776 1.67106 1.69253
threshold=123.00000000000001 0.81250000000000033 3414.5000000000005
decision_type=2 2 2
left_child=-1 2 -2
right_child=1 -3 -4
leaf_value=0.065822937857976646 -0.073073904423637967 0.062686150626818662 0.036847657857100667
leaf_weight=1.7074325531721113 1.6603167951107032 0.37771891057491291 0.42031694948673237
leaf_count=10 9 2 2
internal_value=0 -0.0319885 -0.0500249
internal_weight=0 2.45835 2.08063
internal_count=23 13 11
is_linear=0
shrinkage=0.05


Tree=21
num_leaves=7
num_cat=0
split_feature=1 7 6 7 3 13
split_gain=3.69144 3.47081 2.72721 2.28809 0.19401 0.0201689
threshold=1.0000000180025095e-35 64.500000000000014 811.50000000000011 100.00000000000001 -12999.062381645903 1.0000000180025095e-35
decision_type=2 2 2 2 2 2
left_child=5 -2 3 -3 -4 -1
right_child=1 2 4 -5 -6 -7
leaf_value=0.058718265324308273 0.068824385532274449 -0.06983401238832572 -0.11587046785163349 0.07907627778146642 -0.07061141893899793 0.091429420790278271
leaf_weight=0.73593001067638375 0.75225763022899617 0.43759566545486472 0.47978378832340274 0.61235432326793671 1.7344025820493696 0.46405120193958282
leaf_count=5 4 2 2 3 10 2
internal_value=0 -0.0270034 -0.0496295 0.0153456 -0.0812272 0.0728513
internal_weight=0 4.01639 3.26414 1.04995 2.21419 1.19998
internal_count=28 21 17 5 12 7
is_linear=0
shrinkage=0.05


Tree=22
num_leaves=6
num_cat=0
split_feature=2 7 6 7 3
split_gain=3.43004 3.22106 2.51793 2.11978 0.134538
threshold=1.0000000180025095e-35 64.500000000000014 811.50000000000011 100.00000000000001 15094.410582266448
decision_type=2 2 2 2 2
left_child=1 -1 3 -3 -4
right_child=-2 2 4 -5 -6
leaf_value=0.067459451920504204 0.071251357054617728 -0.068118072109819378 -0.093670465662562208 0.076966212570718104 -0.059901007946724129
leaf_weight=0.72968584299087558 1.1675575971603391 0.42648026347160362 1.1703435629606249 0.59805917739868164 0.99533245712518681
leaf_count=4 7 2 5 3 7
internal_value=0 -0.0262927 -0.0482902 0.0148631 -0.0789715
internal_weight=0 3.9199 3.19022 1.02454 2.16568
internal_count=28 21 17 5 12
is_linear=0
shrinkage=0.05


Tree=23
num_leaves=7
num_cat=0
split_feature=1 7 6 7 3 3
split_gain=3.19665 2.99331 2.32787 1.96677 0.0912363 0.0114718
threshold=1.0000000180025095e-35 64.500000000000014 811.50000000000011 100.00000000000001 15094.410582266448 28037.490021631904
decision_type=2 2 2 2 2 2
left_child=5 -2 3 -3 -4 -1
right_child=1 2 4 -5 -6 -7
leaf_value=0.060163290987192787 0.066188900604794709 -0.066537862814256221 -0.089995570619620199 0.075019896968258615 -0.059181991687527719 0.097594731430039064
leaf_weight=0.88036952912807442 0.70708975195884738 0.41507738828659091 1.157557860016823 0.58328229188919067 0.95800501108169545 0.24948371946811676
leaf_count=6 4 2 5 3 7 1
internal_value=0 -0.0256346 -0.0470527 0.0144116 -0.0768824 0.0700074
internal_weight=0 3.82101 3.11392 0.99836 2.11556 1.12985
internal_count=28 21 17 5 12 7
is_linear=0
shrinkage=0.05


Tree=24
num_leaves=6
num_cat=0
split_feature=9 7 4 4 0
split_gain=1.49948 2.34486 0.845738 0.843206 0.587389
threshold=7126.5000000000009 64.500000000000014 14901.464371904864 8532.4409592609391 0.43750000000000028
decision_type=2 2 2 2 2
left_child=1 -1 -3 -2 -5
right_child=3 2 -4 4 -6
leaf_value=0.066315357321445029 0.081244905877141393 -0.075721939794598847 0.010183393283988391 -0.052809418490330363 0.052587234425379652
leaf_weight=0.54835052788257632 0.78293631970882394 1.106914088129997 0.34048324823379505 0.26599149405956268 0.26197312027215958
leaf_count=3 4 5 2 2 2
internal_value=0 -0.020283 -0.0543083 0.0483272 0
internal_weight=0 1.99575 1.4474 1.3109 0.527965
internal_count=18 10 7 8 4
is_linear=0
shrinkage=0.05


Tree=25
num_leaves=5
num_cat=0
split_feature=9 0 12 0
split_gain=1.39294 1.71358 2.46986 0.29949
threshold=2818.5000000000005 0.43750000000000028 2446.0000000000005 0.52083333333333359
decision_type=2 2 2 2
left_child=3 2 -2 -1
right_child=1 -3 -4 -5
leaf_value=0 0.078732741311776308 0.069062972179495627 -0.072077080687844713 -0.06656419143399743
leaf_weight=0.27239795029163394 0.42409570515155814 1.1939191594719885 0.73411498963832855 0.60267773270606995
leaf_count=2 2 7 4 3
internal_value=0 0.026764 -0.0153381 -0.0468717
internal_weight=0 2.35213 1.15821 0.875076
internal_count=18 13 6 5
is_linear=0
shrinkage=0.05


Tree=26
num_leaves=6
num_cat=0
split_feature=9 7 4 4 0
split_gain=1.30994 2.04134 0.721226 0.705474 0.504924
threshold=7126.5000000000009 64.500000000000014 14901.464371904864 8532.4409592609391 0.43750000000000028
decision_type=2 2 2 2 2
left_child=1 -1 -3 -2 -5
right_child=3 2 -4 4 -6
leaf_value=0.063822102585385773 0.076983712225714318 -0.072052015555547105 0.0078421949917870885 -0.051097089859133596 0.050922396616679147
leaf_weight=0.51905843615531955 0.74987164139747597 1.0547109395265577 0.3342059552669524 0.24377956986427307 0.24054757505655289
leaf_count=3 4 5 2 2 2
internal_value=0 -0.019256 -0.0515719 0.0466154 0
internal_weight=0 1.90798 1.38892 1.2342 0.484327
internal_count=18 10 7 8 4
is_linear=0
shrinkage=0.05


Tree=27
num_leaves=6
num_cat=0
split_feature=3 12 3 7 6
split_gain=2.03213 1.77858 1.00556 0.708328 0.00327926
threshold=-19495.31339821548 7365.5000000000009 28037.490021631904 64.500000000000014 3414.5000000000005
decision_type=2 2 2 2 2
left_child=-1 2 3 -2 -5
right_child=1 -3 -4 4 -6
leaf_value=0.058028026990110282 0.044643203065752354 0.071146244072337272 0.019099035901985612 -0.064546686759573327 -0.098575222616391289
leaf_weight=0.77947427332401309 0.12594991922378662 0.34938921779394139 0.42894347012042988 1.7241459488868711 0.24926108121871937
leaf_count=6 1 2 2 11 1
internal_value=0 -0.032556 -0.0475873 -0.0620468 -0.0697499
internal_weight=0 2.87769 2.5283 2.09936 1.97341
internal_count=23 17 15 13 12
is_linear=0
shrinkage=0.05


Tree=28
num_leaves=5
num_cat=0
split_feature=3 12 3 7
split_gain=1.89548 1.6501 0.950562 0.664943
threshold=-19495.31339821548 7365.5000000000009 28037.490021631904 64.500000000000014
decision_type=2 2 2 2
left_child=-1 2 3 -2
right_child=1 -3 -4 -5
leaf_value=0.057380542892031122 0.043815546792273188 0.069432033721280109 0.018092371855732651 -0.068427243294502699
leaf_weight=0.74961780756711993 0.12202045321464661 0.34035432338714589 0.43015925586223591 1.9136798977851865
leaf_count=6 1 2 2 12
internal_value=0 -0.0316806 -0.0463549 -0.0608331
internal_weight=0 2.80621 2.46586 2.0357
internal_count=23 17 15 13
is_linear=0
shrinkage=0.05


Tree=29
num_leaves=5
num_cat=0
split_feature=3 12 3 7
split_gain=1.76942 1.53328 0.901763 0.626395
threshold=-19495.31339821548 7365.5000000000009 28037.490021631904 64.500000000000014
decision_type=2 2 2 2
left_child=-1 2 3 -2
right_child=1 -3 -4 -5
leaf_value=0.056763636880684566 0.042998294771326669 0.067827362453260931 0.017143383170888433 -0.067321684676342516
leaf_weight=0.72061593830585513 0.11822711676359254 0.33122787624597538 0.43126516044139851 1.849487245082855
leaf_count=6 1 2 2 12
internal_value=0 -0.0308708 -0.045236 -0.0597972
internal_weight=0 2.73021 2.39898 1.96771
internal_count=23 17 15 13
is_linear=0
shrinkage=0.05


Tree=30
num_leaves=4
num_cat=0
split_feature=10 0 8
split_gain=2.96913 1.91502 1.03445
threshold=425.00000000000006 0.70833333333333359 50.500000000000007
decision_type=2 2 2
left_child=2 -2 -1
right_child=1 -3 -4
leaf_value=-0.016790413915939714 -0.069818984259507555 0.054063929273179857 0.06371324478971406
leaf_weight=0.50831191241741214 1.5792481452226637 0.37235474586486805 1.445442661643028
leaf_count=4 10 3 10
internal_value=0 -0.0452806 0.0418742
internal_weight=0 1.9516 1.95375
internal_count=27 13 14
is_linear=0
shrinkage=0.05


Tree=31
num_leaves=4
num_cat=0
split_feature=10 0 8
split_gain=2.76285 1.79308 0.982492
threshold=425.00000000000006 0.70833333333333359 50.500000000000007
decision_type=2 2 2
left_child=2 -2 -1
right_child=1 -3 -4
leaf_value=-0.015976411111425969 -0.068601525667807528 0.053419245429879275 0.062833486210812403
leaf_weight=0.50754052400589023 1.5282143875956533 0.35836590826511372 1.3937147259712217
leaf_count=4 10 3 10
internal_value=0 -0.0444897 0.0408764
internal_weight=0 1.88658 1.90126
internal_count=27 13 14
is_linear=0
shrinkage=0.05


Tree=32
num_leaves=4
num_cat=0
split_feature=10 0 8
split_gain=2.57191 1.68038 0.934136
threshold=425.00000000000006 0.70833333333333359 50.500000000000007
decision_type=2 2 2
left_child=2 -2 -1
right_child=1 -3 -4
leaf_value=-0.015200013820086795 -0.067459745624848175 0.052795018955582099 0.062005229744031345
leaf_weight=0.50683085620403323 1.4776664450764654 0.34482140839099873 1.3430067002773283
leaf_count=4 10 3 10
internal_value=0 -0.043741 0.0399079
internal_weight=0 1.82249 1.84984
internal_count=27 13 14
is_linear=0
shrinkage=0.05


Tree=33
num_leaves=5
num_cat=0
split_feature=7 1 6 8
split_gain=1.25443 1.63041 1.0229 0.946959
threshold=64.500000000000014 1.0000000180025095e-35 314.00000000000006 133.50000000000003
decision_type=2 2 2 2
left_child=-1 3 -3 -2
right_child=1 2 -4 -5
leaf_value=0.058334513428428353 0.071271144768362035 0.056610874938794034 -0.063456396965439893 -0.028063074138249319
leaf_weight=0.62551829218864474 0.5894880816340452 0.18480962514877286 1.538373716175556 0.37303036451339722
leaf_count=5 4 1 11 2
internal_value=0 -0.0200472 -0.0495544 0.0309613
internal_weight=0 2.6857 1.72318 0.962518
internal_count=23 18 12 6
is_linear=0
shrinkage=0.05


Tree=34
num_leaves=5
num_cat=0
split_feature=10 3 10 8
split_gain=1.19294 1.80647 1.4219 0.774217
threshold=2056.5000000000005 13214.7030157441 763.50000000000011 340.00000000000006
decision_type=2 2 2 2
left_child=1 -1 -3 -4
right_child=-2 2 3 -5
leaf_value=0.05900475405825626 -0.064576693171281799 -0.066038796477465231 0.076243600155559754 -0.045595950931668655
leaf_weight=1.1045988053083426 0.66444139182567585 0.8784474581480024 0.38353736698627472 0.17828568071126938
leaf_count=9 5 5 2 2
internal_value=0 0.0104266 -0.0256218 0.0344637
internal_weight=0 2.54487 1.44027 0.561823
internal_count=23 18 9 4
is_linear=0
shrinkage=0.05


Tree=35
num_leaves=5
num_cat=0
split_feature=10 3 10 8
split_gain=1.11653 1.69755 1.32563 0.719382
threshold=2056.5000000000005 13214.7030157441 763.50000000000011 340.00000000000006
decision_type=2 2 2 2
left_child=1 -1 -3 -4
right_child=-2 2 3 -5
leaf_value=0.058363406699493525 -0.063604211093311408 -0.064913285248717076 0.074178872004690463 -0.044981126813061434
leaf_weight=1.0619846582412726 0.6414603367447852 0.84973070025444009 0.37473712861537933 0.17185553908348083
leaf_count=9 5 5 2 2
internal_value=0 0.0102287 -0.0251344 0.0335103
internal_weight=0 2.45831 1.39632 0.546593
internal_count=23 18 9 4
is_linear=0
shrinkage=0.05


Tree=36
num_leaves=3
num_cat=0
split_feature=3 10
split_gain=2.31373 3.04097
threshold=13214.7030157441 1587.5000000000002
decision_type=2 2
left_child=1 -1
right_child=-2 -3
leaf_value=0.057109409576143071 -0.067025469194428838 -0.070568439015700146
leaf_weight=1.3516396954655654 1.6084103211760519 0.70510549843311299
leaf_count=13 12 4
internal_value=0 0.0124827
internal_weight=0 2.05675
internal_count=29 17
is_linear=0
shrinkage=0.05


Tree=37
num_leaves=3
num_cat=0
split_feature=3 10
split_gain=2.16643 2.85091
threshold=13214.7030157441 1587.5000000000002
decision_type=2 2
left_child=1 -1
right_child=-2 -3
leaf_value=0.056610701666383816 -0.066024786707113051 -0.069069948519472346
leaf_weight=1.2967626079916956 1.5525720342993734 0.68490480631589878
leaf_count=13 12 4
internal_value=0 0.0122853
internal_weight=0 1.98167
internal_count=29 17
is_linear=0
shrinkage=0.05


Tree=38
num_leaves=3
num_cat=0
split_feature=3 10
split_gain=2.02973 2.67469
threshold=13214.7030157441 1587.5000000000002
decision_type=2 2
left_child=1 -1
right_child=-2 -3
leaf_value=0.056135177980325426 -0.065078702110234629 -0.067674734413253487
leaf_weight=1.2437068894505503 1.4977820664644239 0.66459812223911274
leaf_count=13 12 4
internal_value=0 0.0120949
internal_weight=0 1.90831
internal_count=29 17
is_linear=0
shrinkage=0.05


Tree=39
num_leaves=6
num_cat=0
split_feature=7 9 3 5 4
split_gain=2.37623 0.768426 0.554093 0.215034 0.172498
threshold=257.50000000000006 2818.5000000000005 20986.936640020303 11780.500000000002 -24715.132397872901
decision_type=2 2 2 2 2
left_child=1 4 -3 -2 -1
right_child=3 2 -4 -5 -6
leaf_value=-0.059392692020753535 -0.067976396729660007 0.061173455011435653 -0.040348061832856691 0 0
leaf_weight=0.19667141139507294 1.1376839950680731 1.1403885297477243 0.13061500340700138 0.13229399174451817 0.26513732224702868
leaf_count=1 8 11 2 2 3
internal_value=0 0.0288234 0.0493555 -0.0609625 -0.0238952
internal_weight=0 1.73281 1.271 1.26998 0.461809
internal_count=27 17 13 10 4
is_linear=0
shrinkage=0.05


Tree=40
num_leaves=6
num_cat=0
split_feature=7 9 3 5 4
split_gain=2.21079 0.723024 0.52487 0.206904 0.162549
threshold=257.50000000000006 2818.5000000000005 20986.936640020303 11780.500000000002 -24715.132397872901
decision_type=2 2 2 2 2
left_child=1 4 -3 -2 -1
right_child=3 2 -4 -5 -6
leaf_value=-0.058077025432891928 -0.066806497223758587 0.060522922006300509 -0.039720885375618194 0 0
leaf_weight=0.19121834635734558 1.1006736047565935 1.0961400046944616 0.12616334110498417 0.13229399174451817 0.26513732224702868
leaf_count=1 8 11 2 2 3
internal_value=0 0.0282133 0.0487359 -0.0597076 -0.0229194
internal_weight=0 1.67866 1.2223 1.23297 0.456356
internal_count=27 17 13 10 4
is_linear=0
shrinkage=0.05


Tree=41
num_leaves=6
num_cat=0
split_feature=7 9 3 5 4
split_gain=2.0577 0.680549 0.497501 0.199354 0.153293
threshold=257.50000000000006 2818.5000000000005 20986.936640020303 11780.500000000002 -24715.132397872901
decision_type=2 2 2 2 2
left_child=1 4 -3 -2 -1
right_child=3 2 -4 -5 -6
leaf_value=-0.056830257574152832 -0.06570760711962173 0.059897796606682686 -0.039090116669460502 0 0
leaf_weight=0.18578973412513733 1.064063601195812 1.0532914027571676 0.12190429121255864 0.13229399174451817 0.26513732224702868
leaf_count=1 8 11 2 2 3
internal_value=0 0.0276132 0.0481321 -0.058513 -0.0219822
internal_weight=0 1.62612 1.1752 1.19636 0.450927
internal_count=27 17 13 10 4
is_linear=0
shrinkage=0.05


Tree=42
num_leaves=5
num_cat=0
split_feature=7 12 13 10
split_gain=1.63035 1.84131 0.308937 0.16572
threshold=64.500000000000014 5160.5000000000009 3663588.656007139 505.00000000000006
decision_type=2 2 2 2
left_child=-1 2 -2 -3
right_child=1 3 -4 -5
leaf_value=0.052977610547202937 -0.068481339666811261 0.065138324167614642 -0.0027485365159947029 0
leaf_weight=0.61489966139197383 1.6312434524297716 0.35320723056793202 0.26393770053982724 0.13203525543212891
leaf_count=8 9 3 3 2
internal_value=0 -0.0375911 -0.0602521 0.0472897
internal_weight=0 2.38042 1.89518 0.485242
internal_count=25 17 12 5
is_linear=0
shrinkage=0.05


Tree=43
num_leaves=5
num_cat=0
split_feature=7 12 13 6
split_gain=1.52426 1.71414 0.295683 0.158217
threshold=64.500000000000014 5160.5000000000009 3663588.656007139 1565.5000000000002
decision_type=2 2 2 2
left_child=-1 2 -2 -3
right_child=1 3 -4 -5
leaf_value=0.052563943931450113 -0.067224745702651481 0.063913063484385038 -0.0026125130561462824 0
leaf_weight=0.58940079808235202 1.5799577459692957 0.34226571768522251 0.26381972059607495 0.13203525543212891
leaf_count=8 9 3 3 2
internal_value=0 -0.0367034 -0.0589306 0.0459938
internal_weight=0 2.31808 1.84378 0.474301
internal_count=25 17 12 5
is_linear=0
shrinkage=0.05


Tree=44
num_leaves=5
num_cat=0
split_feature=7 12 13 10
split_gain=1.42589 1.59711 0.283567 0.15116
threshold=64.500000000000014 5160.5000000000009 3663588.656007139 505.00000000000006
decision_type=2 2 2 2
left_child=-1 2 -2 -3
right_child=1 3 -4 -5
leaf_value=0.052160396186271087 -0.066059512011325719 0.062743506194731166 -0.0024831570032231884 0
leaf_weight=0.56488669291138682 1.5287423729896548 0.33149494230747212 0.26370835676789273 0.13203525543212891
leaf_count=8 9 3 3 2
internal_value=0 -0.0358599 -0.0576843 0.0447411
internal_weight=0 2.25598 1.79245 0.46353
internal_count=25 17 12 5
is_linear=0
shrinkage=0.05


Tree=45
num_leaves=6
num_cat=0
split_feature=1 9 4 7 0
split_gain=1.52168 0.944589 0.738091 0.0873359 0.0694585
threshold=1.0000000180025095e-35 3364.0000000000005 14901.464371904864 152.50000000000003 0.43750000000000028
decision_type=2 2 2 2 2
left_child=1 -1 3 -2 -3
right_child=2 4 -4 -5 -6
leaf_value=-0.05164859367331285 -0.0075970611647324937 0.10927864507897767 0.046824020880343903 -0.062375611684055234 0.054324937323243921
leaf_weight=0.16104517877101909 0.16114684566855408 0.24493466317653656 0.19065268337726604 0.91146592423319817 0.37335821613669395
leaf_count=1 2 1 2 8 4
internal_value=0 0.049729 -0.0389024 -0.0557818 0.0789779
internal_weight=0 0.779338 1.26327 1.07261 0.618293
internal_count=18 6 12 10 5
is_linear=0
shrinkage=0.05


Tree=46
num_leaves=6
num_cat=0
split_feature=1 9 4 7 0
split_gain=1.41172 0.874353 0.692652 0.0847623 0.0339658
threshold=1.0000000180025095e-35 3364.0000000000005 14901.464371904864 152.50000000000003 0.43750000000000028
decision_type=2 2 2 2 2
left_child=1 -1 3 -2 -3
right_child=2 4 -4 -5 -6
leaf_value=-0.050666362588355884 -0.0072286941265407413 0.10248720367506757 0.046199239568233331 -0.06152377792334171 0.053692502669048181
leaf_weight=0.15609285235404957 0.16091703996062257 0.24804438650608063 0.18375044316053402 0.87871802970767021 0.35923143103718758
leaf_count=1 2 1 2 8 4
internal_value=0 0.0482381 -0.0381972 -0.0548076 0.0765551
internal_weight=0 0.763369 1.22339 1.03964 0.607276
internal_count=18 6 12 10 5
is_linear=0
shrinkage=0.05


Tree=47
num_leaves=6
num_cat=0
split_feature=1 9 7 0 0
split_gain=1.31117 0.811349 0.614529 0.118158 0.00779299
threshold=1.0000000180025095e-35 3364.0000000000005 152.50000000000003 0.81250000000000033 0.43750000000000028
decision_type=2 2 2 2 2
left_child=1 -1 3 -2 -3
right_child=2 4 -4 -5 -6
leaf_value=-0.049713849874488042 0.045578492186495061 0.096727092733322251 -0.060716175605783185 -0.0068775361846277767 0.053077303710108881
leaf_weight=0.15126024186611164 0.17711463570594788 0.24965003132820129 0.84670343995094299 0.16070246696472168 0.34557662531733513
leaf_count=1 2 1 8 2 4
internal_value=0 0.046875 -0.0375131 0.0154742 0.0743737
internal_weight=0 0.746487 1.18452 0.337817 0.595227
internal_count=18 6 12 4 5
is_linear=0
shrinkage=0.05


Tree=48
num_leaves=6
num_cat=0
split_feature=6 0 12 12 3
split_gain=1.3613 0.943596 0.592799 0.780928 0.0504581
threshold=1565.5000000000002 0.43750000000000028 593.00000000000011 339.00000000000006 15094.410582266448
decision_type=2 2 2 2 2
left_child=1 4 3 -3 -1
right_child=-2 2 -4 -5 -6
leaf_value=-0.016694502242316615 -0.062809850268923689 0.054105709822463814 0.060235673697870966 -0.053365975486559095 -0.060759765689349703
leaf_weight=0.27402304857969362 0.82291021943092335 0.3225906193256376 0.88186527788639069 0.35312382876873016 0.2781999483704567
leaf_count=2 7 3 10 3 2
internal_value=0 0.0126747 0.0332182 0 -0.0420866
internal_weight=0 2.1098 1.55758 0.675714 0.552223
internal_count=27 20 16 6 4
is_linear=0
shrinkage=0.05


Tree=49
num_leaves=5
num_cat=0
split_feature=6 0 9 3
split_gain=1.27419 0.883943 1.37083 0.0489957
threshold=1565.5000000000002 0.43750000000000028 2818.5000000000005 15094.410582266448
decision_type=2 2 2 2
left_child=1 3 -3 -1
right_child=-2 2 -4 -5
leaf_value=-0.015881074905784633 -0.061940548088652153 -0.052740768220741058 0.059457457017738295 -0.059627825978666942
leaf_weight=0.27368479222059328 0.79348878562450398 0.33978761732578266 1.1585341319441793 0.26953516900539398
leaf_count=2 7 3 13 2
internal_value=0 0.0123755 0.032839 -0.0408326
internal_weight=0 2.04154 1.49832 0.54322
internal_count=27 20 16 4
is_linear=0
shrinkage=0.05


Tree=50
num_leaves=5
num_cat=0
split_feature=6 0 9 3
split_gain=1.19184 0.827503 1.29254 0.372279
threshold=1565.5000000000002 0.43750000000000028 2818.5000000000005 13214.7030157441
decision_type=2 2 2 2
left_child=1 3 -3 -1
right_child=-2 2 -4 -5
leaf_value=0.03809997905840512 -0.061113845842183462 -0.052133243051834255 0.058864108994767378 -0.061027664560105825
leaf_weight=0.097677342593670224 0.76474629715085018 0.32689189910888661 1.1128630638122556 0.43669920414686203
leaf_count=1 7 3 13 3
internal_value=0 0.0120439 0.0324405 -0.0396228
internal_weight=0 1.97413 1.43975 0.534377
internal_count=27 20 16 4
is_linear=0
shrinkage=0.05


Tree=51
num_leaves=6
num_cat=0
split_feature=7 13 3 9 5
split_gain=0.987755 0.780203 0.624681 0.376401 0.194597
threshold=257.50000000000006 -604070.5599686458 -19495.31339821548 2818.5000000000005 19.500000000000004
decision_type=2 2 2 2 2
left_child=1 3 -3 -1 -4
right_child=-2 2 4 -5 -6
leaf_value=-0.010772973338169485 -0.059462495724147559 0.045045523832927398 -0.060858148424523688 0.061518774287032278 0
leaf_weight=0.2033616527915002 0.92134780064225186 0.22508659586310387 0.59678453952074051 0.59833891689777374 0.20167731493711472
leaf_count=2 9 5 5 5 2
internal_value=0 0.00324336 -0.0246291 0.0410041 -0.0464726
internal_weight=0 1.82525 1.02355 0.801701 0.798462
internal_count=28 19 12 7 7
is_linear=0
shrinkage=0.05


Tree=52
num_leaves=6
num_cat=0
split_feature=7 13 3 9 5
split_gain=0.92976 0.722135 0.584315 0.359567 0.187057
threshold=257.50000000000006 -604070.5599686458 -19495.31339821548 2818.5000000000005 19.500000000000004
decision_type=2 2 2 2 2
left_child=1 3 -3 -1 -4
right_child=-2 2 4 -5 -6
leaf_value=-0.01025200515119969 -0.058782119040791336 0.044598017831410763 -0.060010390410026183 0.060631508131226558 0
leaf_weight=0.20303955674171459 0.88630459457635868 0.21620739623904239 0.5755004771053791 0.57728064805269241 0.20167731493711472
leaf_count=2 9 5 5 5 2
internal_value=0 0.00310539 -0.024082 0.0399513 -0.0454509
internal_weight=0 1.77371 0.993385 0.78032 0.777178
internal_count=28 19 12 7 7
is_linear=0
shrinkage=0.05


Tree=53
num_leaves=6
num_cat=0
split_feature=7 13 3 9 5
split_gain=0.875585 0.668291 0.546702 0.343769 0.17992
threshold=257.50000000000006 -604070.5599686458 -19495.31339821548 2818.5000000000005 19.500000000000004
decision_type=2 2 2 2 2
left_child=1 3 -3 -1 -4
right_child=-2 2 4 -5 -6
leaf_value=-0.0097551227175809493 -0.058133927548981661 0.044145686306109558 -0.059202745865219321 0.059787646955468281 0
leaf_weight=0.20274048298597347 0.85224546492099751 0.20772124640643608 0.55471688881516457 0.55668563768267632 0.20167731493711472
leaf_count=2 9 5 5 5 2
internal_value=0 0.00296846 -0.0235449 0.0389247 -0.0444587
internal_weight=0 1.72354 0.964115 0.759426 0.756394
internal_count=28 19 12 7 7
is_linear=0
shrinkage=0.05


Tree=54
num_leaves=9
num_cat=0
split_feature=2 10 12 8 3 0 8 3
split_gain=0.882542 1.00464 0.729145 0.294378 0.23455 0.120391 0.054445 0.0467892
threshold=1.0000000180025095e-35 505.00000000000006 1322.5000000000002 82.500000000000014 13214.7030157441 0.43750000000000028 507.50000000000006 20986.936640020303
decision_type=2 2 2 2 2 2 2 2
left_child=1 3 -2 4 -1 -4 -3 -8
right_child=2 6 5 -5 -6 -7 7 -9
leaf_value=0.041853119990684223 -0.045299913333206245 -0.058128698572953191 0.11288885434793455 0.059107623321013159 -0.044966436874825724 0.050161490744280869 0 -0.036845648878764035
leaf_weight=0.13621423393487953 0.12912400066852558 0.6410115547478199 0.24289636313915253 0.39948505163192749 0.17136157304048538 0.36113189905881882 0.090964335948228836 0.11471439152956009
leaf_count=2 1 6 1 3 2 6 2 3
internal_value=0 -0.0119035 0.0541649 0.0305747 -0.000833291 0.0783372 -0.0494391 -0.0138099
internal_weight=0 1.55375 0.733152 0.707061 0.307576 0.604028 0.84669 0.205679
internal_count=26 18 8 7 4 7 11 5
is_linear=0
shrinkage=0.05


Tree=55
num_leaves=7
num_cat=0
split_feature=2 10 12 11 0 0
split_gain=0.813387 0.941416 0.67529 0.276237 0.0747244 0.0384086
threshold=1.0000000180025095e-35 505.00000000000006 1322.5000000000002 1.0000000180025095e-35 0.43750000000000028 0.4791666666666668
decision_type=2 2 2 2 2 2
left_child=1 3 -2 -1 -4 -3
right_child=2 5 4 -5 -6 -7
leaf_value=-0.0020552759262805888 -0.04446299413774582 -0.056695309376633307 0.10551553365364508 0.057167976491018326 0.049717814579492002 -0.014987874628367868
leaf_weight=0.28219227492809318 0.12508730590343464 0.618543965741992 0.24679315090179443 0.40014850348234177 0.34651115722954273 0.20000967010855675
leaf_count=3 1 8 1 4 6 3
internal_value=0 -0.0116741 0.0525196 0.0301264 0.0759287 -0.0486523
internal_weight=0 1.50089 0.718392 0.682341 0.593304 0.818554
internal_count=26 18 8 7 7 11
is_linear=0
shrinkage=0.05


Tree=56
num_leaves=8
num_cat=0
split_feature=2 6 12 10 14 3 0
split_gain=0.753055 0.898964 0.627144 0.239008 0.216789 0.212178 0.0408509
threshold=1.0000000180025095e-35 1326.5000000000002 1322.5000000000002 425.00000000000006 -64334238.043144159 13214.7030157441 0.43750000000000028
decision_type=2 2 2 2 2 2 2
left_child=1 4 -2 -3 -1 -6 -4
right_child=2 3 6 -5 5 -7 -8
leaf_value=0.057660145398146095 -0.043637723555102551 0.027366783572935788 0.099305833296694124 -0.056278625113863716 0.04250320137083835 -0.041707701881811443 0.049278147636203778
leaf_weight=0.34858686849474907 0.12118739634752262 0.066445671021938324 0.24907240271568298 0.74743874743580818 0.14647212252020858 0.15201486274600029 0.33248197473585606
leaf_count=3 1 1 1 9 2 3 6
internal_value=0 -0.011463 0.0510166 -0.0472917 0.0309019 0 0.073763
internal_weight=0 1.46096 0.702742 0.813884 0.647074 0.298487 0.581554
internal_count=26 18 8 10 8 5 7
is_linear=0
shrinkage=0.05


Tree=57
num_leaves=6
num_cat=0
split_feature=12 0 0 3 0
split_gain=1.1778 0.788828 0.366916 0.447646 0.00201442
threshold=2446.0000000000005 0.52083333333333359 0.4791666666666668 13214.7030157441 0.39583333333333354
decision_type=2 2 2 2 2
left_child=2 -2 4 -4 -1
right_child=1 -3 3 -5 -6
leaf_value=0.094000063575659931 -0.059709896887849445 0.046676738382579235 0.050890245441392257 -0.045221520998244759 0.043160024799838596
leaf_weight=0.24996787309646606 0.78811555355787277 0.20491253398358822 0.29120788723230362 0.19552576541900635 0.17809297889471054
leaf_count=1 9 3 3 3 4
internal_value=0 -0.0359863 0.0425779 0.00868512 0.0769901
internal_weight=0 0.993028 0.914795 0.486734 0.428061
internal_count=23 12 11 6 5
is_linear=0
shrinkage=0.05


Tree=58
num_leaves=5
num_cat=0
split_feature=12 13 6 3
split_gain=1.10012 0.743699 0.311994 0.452293
threshold=2446.0000000000005 -16388499.579477802 2050.0000000000005 13214.7030157441
decision_type=2 2 2 2
left_child=2 -2 3 -1
right_child=1 -3 -4 -5
leaf_value=0.050438797111849135 0.046107998516336075 -0.059002111746294265 0.0774697016436766 -0.044683436081195439
leaf_weight=0.32646693289279938 0.19726741127669811 0.75844858027994633 0.37474006414413452 0.18817793950438499
leaf_count=5 3 9 3 3
internal_value=0 -0.035467 0.0417205 0.012254
internal_weight=0 0.955716 0.889385 0.514645
internal_count=23 12 11 8
is_linear=0
shrinkage=0.05


Tree=59
num_leaves=5
num_cat=0
split_feature=12 0 0 3
split_gain=1.02827 0.7015 0.304205 0.396637
threshold=2446.0000000000005 0.52083333333333359 0.4791666666666668 13214.7030157441
decision_type=2 2 2 2
left_child=2 -2 -1 -4
right_child=1 -3 3 -5
leaf_value=0.072880682506619651 -0.058325572616463074 0.045540449726953341 0.049739272625388492 -0.044143584703223944
leaf_weight=0.40969041362404823 0.72961956635117531 0.18993110954761505 0.26941269263625145 0.18113917857408524
leaf_count=5 9 3 3 3
internal_value=0 -0.0349606 0.0410089 0.00811034
internal_weight=0 0.919551 0.860242 0.450552
internal_count=23 12 11 6
is_linear=0
shrinkage=0.05


Tree=60
num_leaves=5
num_cat=0
split_feature=7 6 5 8
split_gain=0.78001 0.468909 0.540878 0.0887159
threshold=64.500000000000014 711.50000000000011 360.00000000000006 50.500000000000007
decision_type=2 2 2 2
left_child=-1 2 -2 -3
right_child=1 3 -4 -5
leaf_value=0.047943147050713938 -0.049695329668508759 -0.0084991239906730878 0.049422642422707413 -0.059910794529295597
leaf_weight=0.31327719986438785 0.26137723028659809 0.18156220391392697 0.28852284140884876 1.0119367409497497
leaf_count=7 3 3 4 10
internal_value=0 -0.0359418 0 -0.0535602
internal_weight=0 1.7434 0.5499 1.1935
internal_count=27 20 7 13
is_linear=0
shrinkage=0.05


Tree=61
num_leaves=5
num_cat=0
split_feature=7 0 6 6
split_gain=0.734396 0.490249 0.497066 0.0648406
threshold=64.500000000000014 0.93750000000000033 314.00000000000006 496.00000000000006
decision_type=2 2 2 2
left_child=-1 2 -2 -4
right_child=1 -3 3 -5
leaf_value=0.04754128185218854 0.042052189147661234 0.043582410031242157 -0.011469385915378917 -0.058651416868061412
leaf_weight=0.30045752227306377 0.12848080694675434 0.15541611611843098 0.17971285805106152 1.2200260404497383
leaf_count=7 2 2 3 13
internal_value=0 -0.0354422 -0.0446323 -0.0538479
internal_weight=0 1.68364 1.52822 1.39974
internal_count=27 20 18 16
is_linear=0
shrinkage=0.05


Tree=62
num_leaves=5
num_cat=0
split_feature=7 0 6 6
split_gain=0.689894 0.461629 0.469301 0.0643206
threshold=64.500000000000014 0.93750000000000033 314.00000000000006 496.00000000000006
decision_type=2 2 2 2
left_child=-1 2 -2 -4
right_child=1 -3 3 -5
leaf_value=0.047138083770787736 0.041352522845708402 0.042959222006775807 -0.010939720677470411 -0.058051341470696953
leaf_weight=0.28819064795970928 0.12423693947494019 0.1499325893819331 0.17903039604425419 1.1722209881991146
leaf_count=7 2 2 3 13
internal_value=0 -0.0348587 -0.0439607 -0.0531085
internal_weight=0 1.62542 1.47549 1.35125
internal_count=27 20 18 16
is_linear=0
shrinkage=0.05


Tree=63
num_leaves=7
num_cat=0
split_feature=6 8 9 12 14 1
split_gain=0.70274 0.655553 0.79982 0.273686 0.14822 0.105607
threshold=711.50000000000011 82.500000000000014 9894.0000000000018 830.00000000000011 -64334238.043144159 1.0000000180025095e-35
decision_type=2 2 2 2 2 2
left_child=4 2 5 -3 -1 -2
right_child=1 3 -4 -5 -6 -7
leaf_value=0.059363595869530356 0.090652889440436479 0.01019027503995126 -0.049959671845589054 -0.0551274149916854 0 0.018018397569322834
leaf_weight=0.53705668821930885 0.24987310171127319 0.15093959495425224 0.20928111672401428 0.7294649388641119 0.11700845509767566 0.14983996748924233
leaf_count=6 1 3 2 8 2 4
internal_value=0 -0.0136097 0.0244822 -0.0419437 0.0482473 0.0678409
internal_weight=0 1.4894 0.608994 0.880405 0.654065 0.399713
internal_count=26 18 7 11 8 5
is_linear=0
shrinkage=0.05


Tree=64
num_leaves=8
num_cat=0
split_feature=6 8 9 3 14 7 1
split_gain=0.652394 0.607646 0.735854 0.23964 0.143712 0.138674 0.0900574
threshold=711.50000000000011 82.500000000000014 9894.0000000000018 -19495.31339821548 -64334238.043144159 334.50000000000006 1.0000000180025095e-35
decision_type=2 2 2 2 2 2 2
left_child=4 2 6 5 -1 -3 -2
right_child=1 3 -4 -5 -6 -7 -8
leaf_value=0.058623288680269593 0.086487897503110089 0.038480594674157764 -0.049254234728718066 -0.056936546022928664 0 -0.039538687548453556 0.017277217548569472
leaf_weight=0.51715704053640366 0.24885229766368866 0.12425849027931701 0.20185911655426025 0.62734927609562863 0.11700845509767566 0.10329464823007584 0.14850652590393998
leaf_count=6 1 3 2 7 2 1 4
internal_value=0 -0.0131507 0.023628 -0.0409736 0.0472949 0 0.065062
internal_weight=0 1.45412 0.599218 0.854902 0.634165 0.227553 0.397359
internal_count=26 18 7 11 8 4 5
is_linear=0
shrinkage=0.05


Tree=65
num_leaves=7
num_cat=0
split_feature=6 8 9 12 14 1
split_gain=0.60718 0.569204 0.678493 0.249209 0.139385 0.0774438
threshold=711.50000000000011 82.500000000000014 9894.0000000000018 830.00000000000011 -64334238.043144159 1.0000000180025095e-35
decision_type=2 2 2 2 2 2
left_child=4 2 5 -3 -1 -2
right_child=1 3 -4 -5 -6 -7
leaf_value=0.05790941425356802 0.08282134320560107 0.0095961615374307446 -0.048560441530731059 -0.053688928081574043 0 0.016557712888261539
leaf_weight=0.49785063415765762 0.24693922698497772 0.14458306878805161 0.19469396397471428 0.6788394246250391 0.11700845509767566 0.14726162329316117
leaf_count=6 1 3 2 8 2 4
internal_value=0 -0.0128278 0.022834 -0.0404544 0.0463613 0.0625414
internal_weight=0 1.41232 0.588895 0.823422 0.614859 0.394201
internal_count=26 18 7 11 8 5
is_linear=0
shrinkage=0.05


Tree=66
num_leaves=5
num_cat=0
split_feature=12 6 7 6
split_gain=0.501805 0.747523 0.407013 0.116345
threshold=7365.5000000000009 3414.5000000000005 64.500000000000014 496.00000000000006
decision_type=2 2 2 2
left_child=1 2 -1 -4
right_child=-2 -3 3 -5
leaf_value=0.037981470187800598 0.059619120556834243 0.04676415036373878 0 -0.055989636442727503
leaf_weight=0.12940265424549557 0.23952195420861255 0.3233412131667136 0.11700845509767532 0.87325454596430063
leaf_count=5 3 2 2 11
internal_value=0 -0.0177892 -0.0380028 -0.0497089
internal_weight=0 1.44301 1.11967 0.990263
internal_count=23 20 18 13
is_linear=0
shrinkage=0.05


Tree=67
num_leaves=5
num_cat=0
split_feature=12 4 2 7
split_gain=0.466481 0.692911 0.740122 0.150864
threshold=7365.5000000000009 1.0000000180025095e-35 1.0000000180025095e-35 123.00000000000001
decision_type=2 2 2 2
left_child=1 3 -3 -1
right_child=-2 2 -4 -5
leaf_value=0 0.058472687769924571 -0.045054747091507107 0.06973186419980458 -0.056100623731453581
leaf_weight=0.13066977262496926 0.23220139369368564 0.21486079134047031 0.35363002307713032 0.70528784021735191
leaf_count=3 3 5 5 7
internal_value=0 -0.0172837 0.0232725 -0.0469532
internal_weight=0 1.40445 0.568491 0.835958
internal_count=23 20 10 10
is_linear=0
shrinkage=0.05


Tree=68
num_leaves=5
num_cat=0
split_feature=12 6 3 10
split_gain=0.435847 0.651094 0.302036 0.224397
threshold=7365.5000000000009 3414.5000000000005 5918.4258739299939 1587.5000000000002
decision_type=2 2 2 2
left_child=1 2 3 -1
right_child=-2 -3 -4 -5
leaf_value=0.041788423858336088 0.057376340566740326 0.043049238799824863 -0.054970045035058694 -0.04224188041194088
leaf_weight=0.17355004884302594 0.22499744594097149 0.31839478760957707 0.72244469914585352 0.14376398548483849
leaf_count=6 3 2 10 2
internal_value=0 -0.0169905 -0.0370668 0
internal_weight=0 1.35815 1.03976 0.317314
internal_count=23 20 18 8
is_linear=0
shrinkage=0.05


Tree=69
num_leaves=4
num_cat=0
split_feature=8 7 5
split_gain=0.284625 0.597844 0.0697847
threshold=50.500000000000007 334.50000000000006 11780.500000000002
decision_type=2 2 2
left_child=2 -2 -1
right_child=1 -3 -4
leaf_value=-0.045121764464478173 0.051257532000051148 -0.047296149894631469 0
leaf_weight=0.19905989617109299 0.65656092762947083 0.18334388360381126 0.07768634520471096
leaf_count=3 11 3 2
internal_value=0 0.0276504 -0.0289096
internal_weight=0 0.839905 0.276746
internal_count=19 14 5
is_linear=0
shrinkage=0.05


Tree=70
num_leaves=6
num_cat=0
split_feature=6 8 4 4 0
split_gain=0.501182 0.295515 0.0413855 0.0356811 0.0284541
threshold=2451.0000000000005 50.500000000000007 -7457.4199497131322 1.0000000180025095e-35 0.43750000000000028
decision_type=2 2 2 2 2
left_child=1 2 -1 -3 -5
right_child=-2 3 -4 4 -6
leaf_value=-0.037498531399679666 -0.04903347206910396 0.054790235979341885 0 -0.00552449018673458 0.02986406856549903
leaf_weight=0.11248012632131577 0.24082627147436142 0.5303199477493763 0.07768634520471096 0.038466946221888065 0.079787794500589371
leaf_count=2 3 7 2 2 3
internal_value=0 0.0312987 -0.0170283 0.0481655 0.00363073
internal_weight=0 0.838741 0.190166 0.648575 0.118255
internal_count=19 16 4 12 5
is_linear=0
shrinkage=0.05


Tree=71
num_leaves=5
num_cat=0
split_feature=6 8 0 4
split_gain=0.469776 0.278462 0.11896 0.0395959
threshold=2451.0000000000005 50.500000000000007 0.39583333333333354 -7457.4199497131322
decision_type=2 2 2 2
left_child=1 3 -3 -1
right_child=-2 2 -4 -5
leaf_value=-0.036856160388068715 -0.048451931851700457 -0.0052794154963728751 0.053950649485695647 0
leaf_weight=0.10881900042295456 0.23176593333482742 0.038263703696429729 0.58681710250675678 0.07768634520471096
leaf_count=2 3 2 10 2
internal_value=0 0.0307158 0.0475274 -0.016252
internal_weight=0 0.811586 0.625081 0.186505
internal_count=19 16 12 4
is_linear=0
shrinkage=0.05


Tree=72
num_leaves=5
num_cat=0
split_feature=12 9 5 9
split_gain=0.30228 0.66021 0.58125 0.414548
threshold=5160.5000000000009 9136.5000000000018 2846.5000000000005 2818.5000000000005
decision_type=2 2 2 2
left_child=1 2 3 -1
right_child=-2 -3 -4 -5
leaf_value=-0.036209409080508959 0.053291062280928482 -0.048500120553320772 -0.050181565271063905 0.063140352663325086
leaf_weight=0.10532103478908517 0.25289024412632 0.56537056528031826 0.19922600779682398 0.55462273210287094
leaf_count=2 4 9 3 7
internal_value=0 -0.00560735 0.0205924 0.044624
internal_weight=0 1.42454 0.85917 0.659944
internal_count=25 21 12 9
is_linear=0
shrinkage=0.05


Tree=73
num_leaves=6
num_cat=0
split_feature=1 6 9 14 7
split_gain=0.285239 0.620243 0.604575 0.192307 0.11826
threshold=1.0000000180025095e-35 811.50000000000011 8140.0000000000009 -64334238.043144159 100.00000000000001
decision_type=2 2 2 2 2
left_child=2 3 -1 -2 -3
right_child=1 4 -4 -5 -6
leaf_value=-0.04885041098905267 0.053449455712652916 0.0059431851027525739 0.064405745524745858 -0.0071111131040287063 -0.053279934546182031
leaf_weight=0.14687263965606678 0.30547060444951057 0.038863122463226318 0.41600252129137516 0.15066755563020706 0.56223688460886478
leaf_count=1 3 2 7 3 9
internal_value=0 -0.0120272 0.0317346 0.0296255 -0.0465416
internal_weight=0 1.05724 0.562875 0.456138 0.6011
internal_count=25 17 8 6 11
is_linear=0
shrinkage=0.05


Tree=74
num_leaves=5
num_cat=0
split_feature=12 9 5 9
split_gain=0.26518 0.577983 0.508216 0.380515
threshold=5160.5000000000009 9136.5000000000018 2846.5000000000005 2818.5000000000005
decision_type=2 2 2 2
left_child=1 2 3 -1
right_child=-2 -3 -4 -5
leaf_value=-0.035428553374564679 0.051804459191327062 -0.047282314995149212 -0.048725428036216989 0.061368952491375653
leaf_weight=0.10133451968431451 0.23426462151110183 0.52489403076469898 0.18544482998549938 0.52083824202418327
leaf_count=2 4 9 3 7
internal_value=0 -0.0054451 0.0195912 0.0427813
internal_weight=0 1.33251 0.807618 0.622173
internal_count=25 21 12 9
is_linear=0
shrinkage=0.05


Tree=75
num_leaves=5
num_cat=0
split_feature=1 6 7 0
split_gain=0.474381 0.445131 0.331395 0.0490625
threshold=1.0000000180025095e-35 811.50000000000011 100.00000000000001 0.81250000000000033
decision_type=2 2 2 2
left_child=-1 3 -3 -2
right_child=1 2 -4 -5
leaf_value=0.06321681968655217 0.051489521027834134 0.036651177785688847 -0.05210292625334273 0
leaf_weight=0.36357039771974087 0.2497965395450592 0.11208672448992729 0.46199275646358728 0.12031293287873268
leaf_count=5 3 3 8 2
internal_value=0 -0.0024537 -0.031716 0.0381997
internal_weight=0 0.944189 0.574079 0.370109
internal_count=21 16 11 5
is_linear=0
shrinkage=0.05


Tree=76
num_leaves=6
num_cat=0
split_feature=1 6 9 0 3
split_gain=0.441294 0.416128 0.248218 0.0466625 0.0212719
threshold=1.0000000180025095e-35 811.50000000000011 4477.0000000000009 0.81250000000000033 1.0000000180025095e-35
decision_type=2 2 2 2 2
left_child=-1 3 4 -2 -3
right_child=1 2 -4 -5 -6
leaf_value=0.062146478901593694 0.050822632734948796 0.033166732361578778 -0.051664310381983214 0 0
leaf_weight=0.35165072791278362 0.24065813422203064 0.090825017541646957 0.41620222665369511 0.12031293287873268 0.044600531458854675
leaf_count=5 3 2 7 2 2
internal_value=0 -0.00215998 -0.0312361 0.0374187 0.0186351
internal_weight=0 0.912599 0.551628 0.360971 0.135426
internal_count=21 16 11 5 4
is_linear=0
shrinkage=0.05


Tree=77
num_leaves=5
num_cat=0
split_feature=1 6 7 0
split_gain=0.411107 0.388668 0.300928 0.0443537
threshold=1.0000000180025095e-35 811.50000000000011 100.00000000000001 0.81250000000000033
decision_type=2 2 2 2
left_child=-1 3 -3 -2
right_child=1 2 -4 -5
leaf_value=0.061117079535197842 0.050167215233416086 0.035546685888513917 -0.051210878525470627 0
leaf_weight=0.33999812137335539 0.23184147477149963 0.10572425834834576 0.42645558156073093 0.12031293287873268
leaf_count=5 3 3 8 2
internal_value=0 -0.00188459 -0.0306775 0.0366518
internal_weight=0 0.884334 0.53218 0.352154
internal_count=21 16 11 5
is_linear=0
shrinkage=0.05


Tree=78
num_leaves=4
num_cat=0
split_feature=7 11 3
split_gain=0.459668 0.0317434 0.0505547
threshold=100.00000000000001 111.50000000000001 5918.4258739299939
decision_type=2 2 2
left_child=-1 -2 -3
right_child=1 2 -4
leaf_value=0.0401656876047558 -0.055397011320858829 0.011644486465331692 -0.035227931883385452
leaf_weight=0.15426634717732668 0.64882205333560705 0.043071229010820389 0.11147400178015232
leaf_count=7 7 1 6
internal_value=0 -0.0490188 -0.0108794
internal_weight=0 0.803367 0.154545
internal_count=21 14 7
is_linear=0
shrinkage=0.05


Tree=79
num_leaves=4
num_cat=0
split_feature=7 11 3
split_gain=0.434029 0.0309438 0.0479899
threshold=100.00000000000001 111.50000000000001 5918.4258739299939
decision_type=2 2 2
left_child=-1 -2 -3
right_child=1 2 -4
leaf_value=0.039664780013233036 -0.054859598116358724 0.011187498680107232 -0.034650064460205889
leaf_weight=0.1485542394220829 0.62307552993297577 0.042617093771696091 0.1077677421271801
leaf_count=7 7 1 6
internal_value=0 -0.0484199 -0.0100646
internal_weight=0 0.77346 0.150385
internal_count=21 14 7
is_linear=0
shrinkage=0.05


Tree=80
num_leaves=3
num_cat=0
split_feature=7 10
split_gain=0.409927 0.0310874
threshold=100.00000000000001 342.50000000000006
decision_type=2 2
left_child=-1 -2
right_child=1 -3
leaf_value=0.03915489961173494 -0.00588499874084405 -0.053655465131098402
leaf_weight=0.14310818817466497 0.12748412787914276 0.61712987441569567
leaf_count=7 2 12
internal_value=0 -0.047832
internal_weight=0 0.744614
internal_count=21 14
is_linear=0
shrinkage=0.05


Tree=81
num_leaves=7
num_cat=0
split_feature=5 5 3 3 0 0
split_gain=0.238233 0.345575 0.318131 0.280095 0.132851 0.0652969
threshold=1159.5000000000002 19.500000000000004 5918.4258739299939 -19495.31339821548 0.43750000000000028 0.81250000000000033
decision_type=2 2 2 2 2 2
left_child=1 4 -2 -3 -1 -6
right_child=2 3 -4 -5 5 -7
leaf_value=-0.046579066686627354 0.037302462485891197 -0.033236894094014958 -0.050834526435777974 0.054875211190486654 0.036285805306483669 -0.02087137221503288
leaf_weight=0.2017541187815366 0.12087841145694267 0.081336654722690582 0.35530394036322832 0.55562733579427004 0.11162213422358036 0.054572384804487228
leaf_count=4 4 1 8 6 4 1
internal_value=0 0.0177045 -0.0247784 0.0408658 -0.0176426 0.00701284
internal_weight=0 1.00491 0.476182 0.636964 0.367949 0.166195
internal_count=28 16 12 7 9 5
is_linear=0
shrinkage=0.05


Tree=82
num_leaves=7
num_cat=0
split_feature=5 5 3 8 0 0
split_gain=0.219056 0.319933 0.301178 0.139772 0.124484 0.0613854
threshold=1159.5000000000002 19.500000000000004 5918.4258739299939 159.50000000000003 0.43750000000000028 0.81250000000000033
decision_type=2 2 2 2 2 2
left_child=1 4 -2 -3 -1 -6
right_child=2 3 -4 -5 5 -7
leaf_value=-0.046002683457211695 0.036721134049478965 0.053320577243479751 -0.050360736576124103 0 0.035677171463105596 -0.020212198586417478
leaf_weight=0.19426334463059902 0.11676375195384026 0.4670217577368021 0.34107883367687464 0.15413274616003036 0.10795061662793159 0.053573310375213623
leaf_count=4 4 5 8 2 4 1
internal_value=0 0.0171327 -0.0243226 0.0396971 -0.0173512 0.00633358
internal_weight=0 0.976942 0.457843 0.621155 0.355787 0.161524
internal_count=28 16 12 7 9 5
is_linear=0
shrinkage=0.05


Tree=83
num_leaves=8
num_cat=0
split_feature=6 12 14 14 9 0 3
split_gain=0.201417 0.352447 0.524573 0.0913476 0.0779172 0.0326593 0.00238693
threshold=711.50000000000011 2446.0000000000005 -170518232.11874795 -64334238.043144159 3364.0000000000005 0.4791666666666668 5918.4258739299939
decision_type=2 2 2 2 2 2 2
left_child=3 2 -2 -1 6 -3 -4
right_child=1 5 4 -5 -6 -7 -8
leaf_value=0.050593170859690978 -0.045727980236181048 -0.050872831794336659 0.011500720460591626 0 0.061318521276288951 0 -0.0016015736562910732
leaf_weight=0.26763382274657488 0.20429542660713185 0.33899286901578307 0.044024435803294071 0.092257153242826573 0.32340888306498528 0.089711039327085018 0.035458331927657127
leaf_count=4 3 7 2 2 5 3 2
internal_value=0 -0.00727701 0.015141 0.0356423 0.0503578 -0.0430893 0
internal_weight=0 1.03589 0.607187 0.359891 0.402892 0.428704 0.0794828
internal_count=28 22 12 6 9 10 4
is_linear=0
shrinkage=0.05


Tree=84
num_leaves=6
num_cat=0
split_feature=3 12 7 5 3
split_gain=0.211311 0.260188 0.224952 0.19672 0.0365097
threshold=28037.490021631904 339.00000000000006 64.500000000000014 2846.5000000000005 15094.410582266448
decision_type=2 2 2 2 2
left_child=1 -1 -3 -4 -5
right_child=-2 2 3 4 -6
leaf_value=0.036120498101439802 0.043611084362015301 0.035376977463252052 -0.052043625785366532 0.032338567765541996 -0.0071064397160614775
leaf_weight=0.2357766292989254 0.2598397433757782 0.10868144687265158 0.47796230344101787 0.091089082881808281 0.040149929001927376
leaf_count=6 2 5 7 4 3
internal_value=0 -0.00664255 -0.0231347 -0.0364587 0.00699838
internal_weight=0 0.953659 0.717883 0.609201 0.131239
internal_count=27 25 19 14 7
is_linear=0
shrinkage=0.05


Tree=85
num_leaves=6
num_cat=0
split_feature=3 12 7 5 3
split_gain=0.191463 0.24227 0.212702 0.18626 0.0344702
threshold=28037.490021631904 339.00000000000006 64.500000000000014 2846.5000000000005 15094.410582266448
decision_type=2 2 2 2 2
left_child=1 -1 -3 -4 -5
right_child=-2 2 3 4 -6
leaf_value=0.035257533467831254 0.041723202510280735 0.034776040593781109 -0.051605986309533107 0.031693835397659013 -0.0068021153006290582
leaf_weight=0.22963800095021725 0.25808076187968254 0.10512916557490826 0.45841359393671155 0.088372638449072838 0.039873863570392132
leaf_count=6 2 5 7 4 3
internal_value=0 -0.00635628 -0.0227091 -0.0360065 0.00614393
internal_weight=0 0.921427 0.691789 0.58666 0.128247
internal_count=27 25 19 14 7
is_linear=0
shrinkage=0.05


Tree=86
num_leaves=6
num_cat=0
split_feature=3 12 7 5 3
split_gain=0.173386 0.225415 0.201141 0.176464 0.0324914
threshold=28037.490021631904 339.00000000000006 64.500000000000014 2846.5000000000005 15094.410582266448
decision_type=2 2 2 2 2
left_child=1 -1 -3 -4 -5
right_child=-2 2 3 4 -6
leaf_value=0.034383969979802191 0.039912849365203104 0.034168098689523474 -0.051176693471108273 0.031044837400703875 -0.0065088961832128053
leaf_weight=0.22385773621499538 0.25636018440127373 0.10174335073679686 0.43962548673152924 0.085783744230866432 0.039611346088349819
leaf_count=6 2 5 7 4 3
internal_value=0 -0.00606598 -0.0222807 -0.0355557 0.00529374
internal_weight=0 0.890622 0.666764 0.565021 0.125395
internal_count=27 25 19 14 7
is_linear=0
shrinkage=0.05


Tree=87
num_leaves=5
num_cat=0
split_feature=12 12 14 5
split_gain=0.380791 0.41605 0.0528309 0.0186537
threshold=5160.5000000000009 339.00000000000006 182579226.10920349 2846.5000000000005
decision_type=2 2 2 2
left_child=1 3 -3 -1
right_child=-2 2 -4 -5
leaf_value=0.040345071064869654 0.043550228451785557 -0.051084071958380189 0 0
leaf_weight=0.14102736115455627 0.20579910930246115 0.68646406149491668 0.051565324887633324 0.050173599272966385
leaf_count=3 4 12 5 2
internal_value=0 -0.0294045 -0.0474182 0.0309528
internal_weight=0 0.92923 0.738029 0.191201
internal_count=26 22 17 5
is_linear=0
shrinkage=0.05


Tree=88
num_leaves=6
num_cat=0
split_feature=12 12 7 3 5
split_gain=0.354992 0.39278 0.0238082 0.0348988 0.0178772
threshold=5160.5000000000009 339.00000000000006 123.00000000000001 13214.7030157441 2846.5000000000005
decision_type=2 2 2 2 2
left_child=1 4 3 -3 -1
right_child=-2 2 -4 -5 -6
leaf_value=0.039774822746847772 0.042455093018563969 0.0060291933470754261 -0.05248989272153818 -0.032256630097429732 0
leaf_weight=0.13602987676858902 0.20069396868348122 0.039370054379105568 0.58450689679011703 0.087461516261100769 0.050173599272966385
leaf_count=3 4 4 11 2 2
internal_value=0 -0.0288389 -0.0467811 -0.00664245 0.0302843
internal_weight=0 0.897542 0.711338 0.126832 0.186203
internal_count=26 22 17 6 5
is_linear=0
shrinkage=0.05


Tree=89
num_leaves=5
num_cat=0
split_feature=12 12 14 5
split_gain=0.331221 0.371714 0.0514739 0.0171142
threshold=5160.5000000000009 339.00000000000006 182579226.10920349 2846.5000000000005
decision_type=2 2 2 2
left_child=1 3 -3 -1
right_child=-2 2 -4 -5
leaf_value=0.039198451930434586 0.041363251857374661 -0.050113253285376115 0 0
leaf_weight=0.1312561109662056 0.19582778587937355 0.63407444674521685 0.050164693966507912 0.050173599272966385
leaf_count=3 4 12 5 2
internal_value=0 -0.0283261 -0.0462533 0.0296178
internal_weight=0 0.865669 0.684239 0.18143
internal_count=26 22 17 5
is_linear=0
shrinkage=0.05


Tree=90
num_leaves=6
num_cat=0
split_feature=9 1 6 7 4
split_gain=0.472844 0.177968 0.308264 0.171784 0.0628987
threshold=7126.5000000000009 1.0000000180025095e-35 811.50000000000011 64.500000000000014 14901.464371904864
decision_type=2 2 2 2 2
left_child=3 -2 -3 -1 -5
right_child=1 2 -4 4 -6
leaf_value=0.029075170971348138 0.060326622020785328 0.049046579937451901 -0.041363547590833549 -0.051007825542344058 0
leaf_weight=0.078172179870307446 0.36193021573126316 0.20865937322378159 0.16130656423047185 0.34424266126006842 0.089907985180616379
leaf_count=3 7 3 7 5 2
internal_value=0 0.0347167 0.00490258 -0.0270945 -0.0412507
internal_weight=0 0.731896 0.369966 0.512323 0.434151
internal_count=27 17 10 10 7
is_linear=0
shrinkage=0.05


Tree=91
num_leaves=8
num_cat=0
split_feature=9 1 8 7 4 8 12
split_gain=0.441331 0.165903 0.170765 0.162368 0.0610217 0.0149447 0.0155762
threshold=7126.5000000000009 1.0000000180025095e-35 82.500000000000014 64.500000000000014 14901.464371904864 340.00000000000006 2785.0000000000005
decision_type=2 2 2 2 2 2 2
left_child=3 -2 -3 -1 -5 -4 -7
right_child=1 2 5 4 -6 6 -8
leaf_value=0.028409662786382017 0.059398733334859191 -0.037889041833171794 0.046825216364438836 -0.050501655361627221 0 0.024435101348073709 -0.0024576262758851659
leaf_weight=0.076066614128649235 0.34952647797763348 0.11894482653588057 0.13665354251861572 0.33065696060657501 0.089907985180616379 0.064450852572917938 0.036374062765389681
leaf_count=3 7 3 1 5 2 2 4
internal_value=0 0.0342252 0.00459816 -0.026444 -0.0405378 0.0332594 0
internal_weight=0 0.70595 0.356423 0.496632 0.420565 0.237478 0.100825
internal_count=27 17 10 10 7 7 6
is_linear=0
shrinkage=0.05


Tree=92
num_leaves=6
num_cat=0
split_feature=9 2 6 7 4
split_gain=0.410485 0.156208 0.275727 0.153495 0.0591889
threshold=7126.5000000000009 1.0000000180025095e-35 811.50000000000011 64.500000000000014 14901.464371904864
decision_type=2 2 2 2 2
left_child=3 2 -2 -1 -5
right_child=1 -3 -4 4 -6
leaf_value=0.027743117132936652 0.047803557620355125 0.058504318489217402 -0.040458008833797444 -0.050003076839363704 0
leaf_weight=0.07406054250895977 0.19536934047937393 0.337439957074821 0.1512476815842092 0.31759169045835733 0.089907985180616379
leaf_count=3 3 7 7 5 2
internal_value=0 0.0335859 0.00424753 -0.0257942 -0.0398299
internal_weight=0 0.684057 0.346617 0.48156 0.4075
internal_count=27 17 10 10 7
is_linear=0
shrinkage=0.05


Tree=93
num_leaves=5
num_cat=0
split_feature=6 7 9 1
split_gain=0.309976 0.280097 0.17788 0.0373696
threshold=3414.5000000000005 257.50000000000006 2818.5000000000005 1.0000000180025095e-35
decision_type=2 2 2 2
left_child=1 2 3 -1
right_child=-2 -3 -4 -5
leaf_value=-0.038062560695820126 0.060540455049175795 -0.048001858119240869 0.044961707983049416 0
leaf_weight=0.097536072134971619 0.20118518173694611 0.29086348786950111 0.23736691800877452 0.085500895977020264
leaf_count=1 1 8 9 3
internal_value=0 -0.00881333 0.0141629 -0.0162531
internal_weight=0 0.711267 0.420404 0.183037
internal_count=22 21 13 4
is_linear=0
shrinkage=0.05


Tree=94
num_leaves=5
num_cat=0
split_feature=6 7 9 1
split_gain=0.288044 0.263485 0.167593 0.0355202
threshold=3414.5000000000005 257.50000000000006 2818.5000000000005 1.0000000180025095e-35
decision_type=2 2 2 2
left_child=1 2 3 -1
right_child=-2 -3 -4 -5
leaf_value=-0.037287775627991293 0.059160755112487223 -0.047566441428517618 0.044548398708989807 0
leaf_weight=0.09466630220413208 0.19573140144348145 0.27915051719173789 0.22783632064238191 0.085500895977020264
leaf_count=1 1 8 9 3
internal_value=0 -0.0086221 0.0137605 -0.0154986
internal_weight=0 0.687154 0.408004 0.180167
internal_count=22 21 13 4
is_linear=0
shrinkage=0.05


Tree=95
num_leaves=6
num_cat=0
split_feature=6 7 8 7 7
split_gain=0.267857 0.247825 0.160752 0.0325919 0.00197044
threshold=3414.5000000000005 257.50000000000006 111.50000000000001 123.00000000000001 64.500000000000014
decision_type=2 2 2 2 2
left_child=1 2 3 4 -1
right_child=-2 -3 -4 -5 -6
leaf_value=0.010651339302939315 0.057857583117747406 -0.047130186341495101 0.044191083574556124 -0.036516114619786141 0
leaf_weight=0.043024351820349693 0.19028079509735107 0.26793597638607025 0.22031357325613499 0.09191238135099411 0.040899161249399185
leaf_count=2 1 8 8 1 2
internal_value=0 -0.00842912 0.0133564 -0.0153653 0
internal_weight=0 0.664085 0.396149 0.175836 0.0839235
internal_count=22 21 13 5 4
is_linear=0
shrinkage=0.05


Tree=96
num_leaves=6
num_cat=0
split_feature=10 12 12 13 5
split_gain=0.228999 0.227214 0.204065 0.158247 0.0081131
threshold=2056.5000000000005 1322.5000000000002 339.00000000000006 3663588.656007139 4861.0000000000009
decision_type=2 2 2 2 2
left_child=1 2 -1 -3 -5
right_child=-2 3 -4 4 -6
leaf_value=0.036558938143803295 -0.042418488883843808 0.054974645340578679 -0.044798562375339739 0 -0.019422281880118381
leaf_weight=0.1107940562069416 0.16048221755772829 0.42933418834581971 0.19309380557388067 0.056313322857022285 0.053372087888419628
leaf_count=3 5 8 4 2 2
internal_value=0 0.0207144 -0.00937921 0.0409177 0
internal_weight=0 0.842907 0.303888 0.53902 0.109685
internal_count=24 19 7 12 4
is_linear=0
shrinkage=0.05


Tree=97
num_leaves=6
num_cat=0
split_feature=10 12 12 13 5
split_gain=0.214814 0.210654 0.192134 0.151145 0.00746456
threshold=2056.5000000000005 1322.5000000000002 339.00000000000006 3663588.656007139 4861.0000000000009
decision_type=2 2 2 2 2
left_child=1 2 -1 -3 -5
right_child=-2 3 -4 4 -6
leaf_value=0.035936467505806244 -0.041865642694564928 0.054218507184999577 -0.044271815828601013 0 -0.01879428627285027
leaf_weight=0.10717681981623173 0.15462572453543544 0.41395239578559995 0.18581158109009266 0.056313322857022285 0.052435202058404684
leaf_count=3 5 8 4 2 2
internal_value=0 0.020324 -0.00896036 0.0400769 0
internal_weight=0 0.815689 0.292988 0.522701 0.108749
internal_count=24 19 7 12 4
is_linear=0
shrinkage=0.05


Tree=98
num_leaves=6
num_cat=0
split_feature=10 12 12 11 1
split_gain=0.201465 0.195238 0.180858 0.139339 0.021561
threshold=2056.5000000000005 1322.5000000000002 339.00000000000006 111.50000000000001 1.0000000180025095e-35
decision_type=2 2 2 2 2
left_child=1 2 -1 -3 -5
right_child=-2 3 -4 4 -6
leaf_value=0.035308247483670861 -0.041307645493944521 0.053517725461635093 -0.043742112285190711 0.012868890153535057 -0.026044331902331561
leaf_weight=0.1037248857319355 0.14902670681476593 0.39405261119827628 0.17884073406457901 0.044882799033075571 0.068015130702406168
leaf_count=3 5 7 4 2 3
internal_value=0 0.0199352 -0.00853379 0.0392453 0
internal_weight=0 0.789516 0.282566 0.506951 0.112898
internal_count=24 19 7 12 5
is_linear=0
shrinkage=0.05


Tree=99
num_leaves=5
num_cat=0
split_feature=1 9 7 12
split_gain=0.199568 0.233674 0.214341 0.0957941
threshold=1.0000000180025095e-35 3364.0000000000005 64.500000000000014 339.00000000000006
decision_type=2 2 2 2
left_child=1 -1 -2 -4
right_child=2 -3 3 -5
leaf_value=-0.032824797836841432 0.036401171693613892 0.05279625100900262 0 -0.047238206995188534
leaf_weight=0.080131173133850098 0.11784523911774158 0.31134173832833767 0.065701190382242203 0.33597386302426457
leaf_count=1 5 8 3 12
internal_value=0 0.0307913 -0.0159296 -0.0356537
internal_weight=0 0.391473 0.51952 0.401675
internal_count=29 9 20 15
is_linear=0
shrinkage=0.05


Tree=100
num_leaves=5
num_cat=0
split_feature=1 9 7 12
split_gain=0.18308 0.221676 0.200741 0.0939505
threshold=1.0000000180025095e-35 3364.0000000000005 64.500000000000014 339.00000000000006
decision_type=2 2 2 2
left_child=1 -1 -2 -4
right_child=2 -3 3 -5
leaf_value=-0.032068069107892498 0.035829181404323389 0.052187031765419084 0 -0.046895264997139342
leaf_weight=0.077985413372516632 0.1138486210256815 0.2995320288464427 0.065701190382242203 0.32186963176354766
leaf_count=1 5 8 3 12
internal_value=0 0.0301383 -0.0153764 -0.0349477
internal_weight=0 0.377517 0.501419 0.387571
internal_count=29 9 20 15
is_linear=0
shrinkage=0.05


Tree=101
num_leaves=5
num_cat=0
split_feature=1 9 7 12
split_gain=0.167711 0.210369 0.187893 0.0920967
threshold=1.0000000180025095e-35 3364.0000000000005 64.500000000000014 339.00000000000006
decision_type=2 2 2 2
left_child=1 -1 -2 -4
right_child=2 -3 3 -5
leaf_value=-0.031314083331398256 0.03524902387467687 0.051588113011036718 0 -0.046548743388149252
leaf_weight=0.075932294130325317 0.11004012916237116 0.28815263509750366 0.065701190382242203 0.30839690193533897
leaf_count=1 5 8 3 12
internal_value=0 0.0294841 -0.0148139 -0.0342321
internal_weight=0 0.364085 0.484138 0.374098
internal_count=29 9 20 15
is_linear=0
shrinkage=0.05


Tree=102
num_leaves=4
num_cat=0
split_feature=5 0 9
split_gain=0.241911 0.132314 0.0368488
threshold=2846.5000000000005 0.39583333333333354 3364.0000000000005
decision_type=2 2 2
left_child=2 -2 -1
right_child=1 -3 -4
leaf_value=0 -0.04537744302965474 0.028626952699175586 0.052409868758264359
leaf_weight=0.070154239423573017 0.14347970113158226 0.077536125667393208 0.41347485547885299
leaf_count=3 2 4 7
internal_value=0 -0.0115108 0.0464581
internal_weight=0 0.221016 0.483629
internal_count=16 6 10
is_linear=0
shrinkage=0.05


Tree=103
num_leaves=4
num_cat=0
split_feature=5 0 8
split_gain=0.22594 0.124369 0.0806406
threshold=2846.5000000000005 0.39583333333333354 50.500000000000007
decision_type=2 2 2
left_child=2 -2 -1
right_child=1 -3 -4
leaf_value=0 -0.044625752651372363 0.027967789454081383 0.051741845530371679
leaf_weight=0.027316374704241753 0.138729527592659 0.075458114501088858 0.44081496447324753
leaf_count=1 2 4 9
internal_value=0 -0.0108954 0.0457257
internal_weight=0 0.214188 0.468131
internal_count=16 6 10
is_linear=0
shrinkage=0.05


Tree=104
num_leaves=4
num_cat=0
split_feature=5 0 8
split_gain=0.210432 0.11688 0.0791839
threshold=2846.5000000000005 0.39583333333333354 50.500000000000007
decision_type=2 2 2
left_child=2 -2 -1
right_child=1 -3 -4
leaf_value=0 -0.043880598313982833 0.027307529579673223 0.051172867490598233
leaf_weight=0.027316374704241753 0.1341545395553112 0.07347892364487052 0.42386540677398443
leaf_count=1 2 4 9
internal_value=0 -0.0102759 0.0449654
internal_weight=0 0.207633 0.451182
internal_count=16 6 10
is_linear=0
shrinkage=0.05


Tree=105
num_leaves=5
num_cat=0
split_feature=8 0 0 9
split_gain=0.182697 0.162347 0.11786 0.0288931
threshold=133.50000000000003 0.70833333333333359 0.52083333333333359 2818.5000000000005
decision_type=2 2 2 2
left_child=2 3 -1 -2
right_child=1 -3 -4 -5
leaf_value=0.048738747368068602 0 0.032891409437208224 -0.0051698827613277602 -0.046330224564939543
leaf_weight=0.31962438207119703 0.033677597530186176 0.093008005991578102 0.069222597405314445 0.20401494950056076
leaf_count=7 2 3 4 7
internal_value=0 -0.0136528 0.0346528 -0.0392363
internal_weight=0 0.330701 0.388847 0.237693
internal_count=23 12 11 9
is_linear=0
shrinkage=0.05


Tree=106
num_leaves=4
num_cat=0
split_feature=8 7 0
split_gain=0.167397 0.213147 0.113593
threshold=133.50000000000003 152.50000000000003 0.52083333333333359
decision_type=2 2 2
left_child=2 -2 -1
right_child=1 -3 -4
leaf_value=0.047969606305751089 0.035356183824458799 -0.046149018154143052 -0.0049270106388826828
leaf_weight=0.30879443464800715 0.10828655026853085 0.21193965524435043 0.069027743302285671
leaf_count=7 4 8 4
internal_value=0 -0.0131225 0.0336857
internal_weight=0 0.320226 0.377822
internal_count=23 12 11
is_linear=0
shrinkage=0.05


Tree=107
num_leaves=5
num_cat=0
split_feature=8 0 0 9
split_gain=0.153327 0.143222 0.109439 0.026688
threshold=133.50000000000003 0.70833333333333359 0.52083333333333359 2818.5000000000005
decision_type=2 2 2 2
left_child=2 3 -1 -2
right_child=1 -3 -4 -5
leaf_value=0.04719754934429711 0 0.031533369189023372 -0.0046948534255333322 -0.045224401431845362
leaf_weight=0.29842461459338665 0.032389756292104721 0.087278807535767555 0.068843519315123558 0.18893261952325702
leaf_count=7 2 3 4 7
internal_value=0 -0.0126732 0.0327185 -0.0380203
internal_weight=0 0.308601 0.367268 0.221322
internal_count=23 12 11 9
is_linear=0
shrinkage=0.05


end of trees

feature_importances:
day_cos=67
ClothesWasher_daytime=61
age=50
IH_daytime=44
AirConditioner_midnight=41
Microwave_daytime=35
AirConditioner_daytime=31
ClothesWasher_midnight=30
edu_0=25
RiceCooker_midnight=22
day_sin_*_AirConditioner_daytime=18
day_sin=17
day_sin_*_Microwave_daytime=17
edu_1=6
TV_daytime=5

parameters:
[boosting: gbdt]
[objective: binary]
[metric: roc_auc]
[tree_learner: serial]
[device_type: cpu]
[data_sample_strategy: bagging]
[data: ]
[valid: ]
[num_iterations: 10000]
[learning_rate: 0.05]
[num_leaves: 9]
[num_threads: 0]
[seed: 0]
[deterministic: 0]
[force_col_wise: 0]
[force_row_wise: 0]
[histogram_pool_size: -1]
[max_depth: -1]
[min_data_in_leaf: 2]
[min_sum_hessian_in_leaf: 0.001]
[bagging_fraction: 0.657293]
[pos_bagging_fraction: 1]
[neg_bagging_fraction: 1]
[bagging_freq: 3]
[bagging_seed: 3]
[feature_fraction: 0.922158]
[feature_fraction_bynode: 1]
[feature_fraction_seed: 2]
[extra_trees: 0]
[extra_seed: 6]
[early_stopping_round: 0]
[early_stopping_min_delta: 0]
[first_metric_only: 0]
[max_delta_step: 0]
[lambda_l1: 0.0349826]
[lambda_l2: 0.000396219]
[linear_lambda: 0]
[min_gain_to_split: 0]
[drop_rate: 0.1]
[max_drop: 50]
[skip_drop: 0.5]
[xgboost_dart_mode: 0]
[uniform_drop: 0]
[drop_seed: 4]
[top_rate: 0.2]
[other_rate: 0.1]
[min_data_per_group: 100]
[max_cat_threshold: 32]
[cat_l2: 10]
[cat_smooth: 10]
[max_cat_to_onehot: 4]
[top_k: 20]
[monotone_constraints: ]
[monotone_constraints_method: basic]
[monotone_penalty: 0]
[feature_contri: ]
[forcedsplits_filename: ]
[refit_decay_rate: 0.9]
[cegb_tradeoff: 1]
[cegb_penalty_split: 0]
[cegb_penalty_feature_lazy: ]
[cegb_penalty_feature_coupled: ]
[path_smooth: 0]
[interaction_constraints: ]
[verbosity: -1]
[saved_feature_importance_type: 0]
[use_quantized_grad: 0]
[num_grad_quant_bins: 4]
[quant_train_renew_leaf: 0]
[stochastic_rounding: 1]
[linear_tree: 0]
[max_bin: 255]
[max_bin_by_feature: ]
[min_data_in_bin: 3]
[bin_construct_sample_cnt: 200000]
[data_random_seed: 1]
[is_enable_sparse: 1]
[enable_bundle: 1]
[use_missing: 1]
[zero_as_missing: 0]
[feature_pre_filter: 1]
[pre_partition: 0]
[two_round: 0]
[header: 0]
[label_column: ]
[weight_column: ]
[group_column: ]
[ignore_column: ]
[categorical_feature: ]
[forcedbins_filename: ]
[precise_float_parser: 0]
[parser_config_file: ]
[objective_seed: 5]
[num_class: 1]
[is_unbalance: 0]
[scale_pos_weight: 1]
[sigmoid: 1]
[boost_from_average: 1]
[reg_sqrt: 0]
[alpha: 0.9]
[fair_c: 1]
[poisson_max_delta_step: 0.7]
[tweedie_variance_power: 1.5]
[lambdarank_truncation_level: 30]
[lambdarank_norm: 1]
[label_gain: ]
[lambdarank_position_bias_regularization: 0]
[eval_at: ]
[multi_error_top_k: 1]
[auc_mu_weights: ]
[num_machines: 1]
[local_listen_port: 12400]
[time_out: 120]
[machine_list_filename: ]
[machines: ]
[gpu_platform_id: -1]
[gpu_device_id: -1]
[gpu_use_dp: 0]
[num_gpu: 1]

end of parameters

pandas_categorical:null
