tree
version=v4
num_class=1
num_tree_per_iteration=1
label_index=0
max_feature_idx=14
objective=binary sigmoid:1
feature_names=age edu_0 edu_1 day_cos day_sin AirConditioner_daytime AirConditioner_midnight ClothesWasher_daytime ClothesWasher_midnight Microwave_daytime RiceCooker_midnight TV_daytime IH_daytime day_sin_*_AirConditioner_daytime day_sin_*_Microwave_daytime
feature_infos=[0.041666666666666963:0.95833333333333348] [0:1] [0:1] [-28246.979281322816:28158.011382825702] [-27801.7708168436:28263.474768540877] [0:16484] [202:4096] [61:706] [0:2300] [0:17056] [0:8986] [0:6739] [0:9339] [-294814450.51317573:95023157.399310768] [-422550862.85317016:322185333.87771457]
tree_sizes=847 945 835 851 953 1373 941 1046 848 1059 854 1049 638 850 543 652 757 649 746 844 955 949 1275 1061 862 858 856 961 955

Tree=0
num_leaves=8
num_cat=0
split_feature=3 3 8 8 3 8 5
split_gain=7.65599 5.53204 2.97664 1.68919 1.97118 1.42304 1.97118
threshold=-11654.401770802771 23575.991601307604 206.00000000000003 632.50000000000011 1.0000000180025095e-35 272.50000000000006 5938.5000000000009
decision_type=2 2 2 2 2 2 2
left_child=5 3 -3 -2 -5 -1 -7
right_child=1 2 -4 4 -6 6 -8
leaf_value=0.099786572650373259 -0.099902915129878533 -0.098938670486852218 0.099644611844522626 -0.098938670486852259 0.098938670486852218 -0.098938670486852259 0.098938670486852218
leaf_weight=1.2499999999999998 2.7500000000000004 0.25 0.75 0.24999999999999989 0.25 0.24999999999999989 0.25
leaf_count=5 11 1 3 1 1 1 1
internal_value=0 -0.0528973 0.0498188 -0.0845413 0 0.071304 0
internal_weight=0 4.25 1 3.25 0.5 1.75 0.5
internal_count=24 17 4 13 2 7 2
is_linear=0
shrinkage=0.05


Tree=1
num_leaves=8
num_cat=0
split_feature=3 3 1 12 0 7 7
split_gain=6.92815 5.00555 2.69474 1.28858 1.78399 0.618448 2.69482
threshold=-11654.401770802771 23575.991601307604 1.0000000180025095e-35 4328.5000000000009 0.60416666666666685 235.50000000000003 304.50000000000006
decision_type=2 2 2 2 2 2 2
left_child=3 5 -3 -1 -5 -2 -7
right_child=1 2 -4 4 -6 6 -8
leaf_value=0.095051748441104922 -0.095130948157929107 0.094912511283277115 -0.094258123886699033 -0.094258123886699074 0.094219950238503519 0.094258123886699074 -0.094915368755309371
leaf_weight=1.2469039708375929 2.2443952560424809 0.74814136326313008 0.24938918650150299 0.24938918650150288 0.24937869608402252 0.24938918650150288 0.74814368784427643
leaf_count=5 9 3 1 1 1 1 3
internal_value=0 -0.0503815 0.0474421 0.0679144 0 -0.0805203 -0.0474444
internal_weight=0 4.23946 0.997531 1.74567 0.498768 3.24193 0.997533
internal_count=24 17 4 7 2 13 4
is_linear=0
shrinkage=0.05


Tree=2
num_leaves=7
num_cat=0
split_feature=3 3 10 10 14 3
split_gain=6.29918 4.55066 2.80707 2.45102 1.39127 1.62212
threshold=-11654.401770802771 23575.991601307604 793.50000000000011 728.00000000000011 -165320423.92828032 14881.178056359593
decision_type=2 2 2 2 2 2
left_child=2 4 -1 -3 5 -2
right_child=1 3 -4 -5 -6 -7
leaf_value=0.090990502786013672 0.090205100620921283 -0.090205100620921283 -0.090205100620921283 0.090821530852256679 -0.091053116511877752 -0.090138623388140118
leaf_weight=1.4858941733837125 0.2476816177368163 0.2476816177368163 0.2476816177368163 0.74294717609882355 2.724047109484673 0.24764278531074524
leaf_count=6 1 1 1 3 11 1
internal_value=0 -0.0482071 0.0649838 0.0453862 -0.0770451 0
internal_weight=0 4.21 1.73358 0.990629 3.21937 0.495324
internal_count=24 17 7 4 13 2
is_linear=0
shrinkage=0.05


Tree=3
num_leaves=7
num_cat=0
split_feature=4 8 0 10 3 3
split_gain=9.53792 4.05815 4.95675 2.9083 0.0437268 0.00239259
threshold=16662.398906518745 1.0000000180025095e-35 0.37500000000000028 1.0000000180025095e-35 -11654.401770802771 14881.178056359593
decision_type=2 2 2 2 2 2
left_child=1 -1 -3 -4 -2 -5
right_child=4 2 3 5 -6 -7
leaf_value=-0.087114249865296825 -0.11534539357399341 -0.087080987323308628 -0.086563175453040514 0.087500081111641329 -0.089036968326278845 0.093550966144973741
leaf_weight=0.49000775814056385 0.24496260285377491 0.48994648456573475 0.24495361745357502 2.4499101936817169 1.2293416857719419 1.7281353026628492
leaf_count=2 1 2 1 10 5 7
internal_value=0 0.0498 0.0635006 0.0802298 -0.093602 0.0900631
internal_weight=0 5.40295 4.91295 4.423 1.4743 4.17805
internal_count=28 22 20 18 6 17
is_linear=0
shrinkage=0.05


Tree=4
num_leaves=8
num_cat=0
split_feature=14 7 9 9 2 2 11
split_gain=6.40464 5.22682 5.33272 0.463807 2.18644 0.0163624 0.003378
threshold=59964925.572369911 304.50000000000006 2986.0000000000005 4177.5000000000009 1.0000000180025095e-35 1.0000000180025095e-35 1669.5000000000002
decision_type=2 2 2 2 2 2 2
left_child=1 2 5 4 -4 -1 -5
right_child=-2 -3 3 6 -6 -7 -8
leaf_value=-0.1081612122065307 -0.085707085970821717 -0.084141838419136611 0.084180725063085826 0.086205030487044504 -0.083438669609841046 -0.083456467954835481 0.099049661871952632
leaf_weight=0.24819222092628468 1.2137018889188764 0.7246602028608321 0.96598781645297982 2.9118185043334965 0.24149468541145325 0.24151773750782013 0.24999968707561482
leaf_count=1 5 3 4 12 1 1 1
internal_value=0 0.0409323 0.0596283 0.0771807 0.0505071 -0.0965056 0.087304
internal_weight=0 5.58367 4.85901 4.3693 1.20748 0.48971 3.16182
internal_count=28 23 20 18 5 2 13
is_linear=0
shrinkage=0.05


Tree=5
num_leaves=12
num_cat=0
split_feature=13 8 13 8 13 8 10 13 8 12 1
split_gain=3.31704 2.55767 1.8591 2.70261 1.69706 2.08636 2.06305 1.66612 0.0099869 0.0032038 0.00219053
threshold=23873339.089344647 1.0000000180025095e-35 -84463866.53861995 492.50000000000006 1.0000000180025095e-35 144.00000000000003 183.50000000000003 -1.0000000180025095e-35 102.00000000000001 8502.0000000000018 1.0000000180025095e-35
decision_type=2 2 2 2 2 2 2 2 2 2 2
left_child=1 -1 9 4 5 6 7 -4 -6 -3 -8
right_child=-2 2 3 -5 8 -7 10 -9 -10 -11 -12
leaf_value=-0.081199368355329649 -0.083576658553050243 0.081383151107210144 0.080592947069848223 0.08260090657870249 -0.10213101613936715 -0.081183476887678879 0.094866191656541268 -0.081117925380364553 -0.080552015715055242 0.09435374996158509 0.081312659376480703
leaf_weight=0.47489419579505909 0.7201319932937621 1.4232004433870313 0.23725277185440063 1.19376565515995 0.24975740909576405 0.47484107315540303 0.24954339861869812 0.47461900115013234 0.23718319833278656 0.24941506981849659 0.71208304166793823
leaf_count=2 3 6 1 5 1 2 1 2 1 1 3
internal_value=0 0.0298728 0.0395001 0.0202396 -0.00800854 0.0110732 0.0373637 -0.0270244 -0.0921355 0.0834691 0.0850918
internal_weight=0 5.97656 5.50166 3.82905 2.63528 2.14834 1.6735 0.711872 0.486941 1.67262 0.961626
internal_count=28 25 23 16 11 9 7 3 2 7 4
is_linear=0
shrinkage=0.05


Tree=6
num_leaves=8
num_cat=0
split_feature=6 14 14 6 5 6 6
split_gain=6.57276 3.98702 2.16409 0.68819 1.14618 0.0145433 0.00113849
threshold=1338.0000000000002 -63450083.968608946 59964925.572369911 947.00000000000011 10266.500000000002 1038.0000000000002 1978.0000000000002
decision_type=2 2 2 2 2 2 2
left_child=1 3 6 4 -1 -3 -2
right_child=2 5 -4 -5 -6 -7 -8
leaf_value=-0.078214391247635129 0.078948446875200931 -0.079909351717688204 -0.078021475324259529 0.085166788382561698 0.078147338319782392 -0.097000190922379562 0.087550552464882275
leaf_weight=0.2327607870101932 2.0921240895986566 1.6382394433021543 0.2323542833328246 0.48072238266468048 0.23262025415897369 0.24990098178386677 0.48960636556148518
leaf_count=1 9 7 1 2 1 1 2
internal_value=0 -0.0403368 0.0674971 0.0433214 0 -0.082308 0.0806738
internal_weight=0 2.83424 2.81408 0.946103 0.465381 1.88814 2.58173
internal_count=24 12 12 4 2 8 11
is_linear=0
shrinkage=0.05


Tree=7
num_leaves=9
num_cat=0
split_feature=11 2 3 10 3 3 3 8
split_gain=3.01293 2.58325 1.88851 1.58037 0.669328 1.05924 0.518881 2.10226
threshold=37.500000000000007 1.0000000180025095e-35 -11654.401770802771 183.50000000000003 14881.178056359593 7774.3417112421612 -1.0000000180025095e-35 61.500000000000007
decision_type=2 2 2 2 2 2 2 2
left_child=3 2 -2 -1 5 -3 7 -5
right_child=1 4 -4 6 -6 -7 -8 -9
leaf_value=-0.07585389057980628 0.075817446860046878 0.075951751658103472 -0.077604027614560298 0.076624590699144124 0.084376053386746544 -0.076012068131753416 0.078419450331228768 -0.09258426179656197
leaf_weight=0.22730726003646884 0.22721451520919811 0.2275550216436385 1.6034057587385178 0.68275952339172441 0.48285765945911407 0.22770673036575317 1.6087669432163232 0.24883385002613068
leaf_count=1 1 1 7 3 2 1 7 1
internal_value=0 -0.0238786 -0.0584561 0.049858 0.0434767 0 0.0611877 0.0312382
internal_weight=0 2.76874 1.83062 2.76767 0.938119 0.455262 2.54036 0.931593
internal_count=24 12 8 12 4 2 11 4
is_linear=0
shrinkage=0.05


Tree=8
num_leaves=7
num_cat=0
split_feature=6 9 9 0 3 0
split_gain=5.59621 1.84537 1.70439 1.43241 0.585111 1.24504
threshold=1338.0000000000002 2986.0000000000005 9430.0000000000018 0.64583333333333359 -11654.401770802771 0.64583333333333359
decision_type=2 2 2 2 2 2
left_child=2 -2 4 -4 5 -1
right_child=1 -3 3 -5 -6 -7
leaf_value=-0.088746167662826669 -0.073825633523711617 0.076138400130240133 0.079941972335045894 -0.073883659989478864 -0.075563892019795492 0.073850720683966226
leaf_weight=0.24673980474472124 0.22171039879322085 2.4705398380756378 0.46489375829696644 0.22188329696655273 1.566532254219055 0.22178524732589722
leaf_count=1 1 11 2 1 7 1
internal_value=0 0.063714 -0.0379156 0.0300447 -0.0609035 -0.0115852
internal_weight=0 2.69225 2.72183 0.686777 2.03506 0.468525
internal_count=24 12 12 3 9 2
is_linear=0
shrinkage=0.05


Tree=9
num_leaves=9
num_cat=0
split_feature=1 14 9 9 5 0 14 0
split_gain=3.70422 3.50084 3.14243 0.681071 1.27027 1.56642 0.0207571 0.00842311
threshold=1.0000000180025095e-35 190612733.08772448 4177.5000000000009 6788.5000000000009 2196.0000000000005 0.37500000000000028 -63450083.968608946 0.37500000000000028
decision_type=2 2 2 2 2 2 2 2
left_child=1 2 -1 4 5 -2 -6 -5
right_child=3 -3 -4 7 6 -7 -8 -9
leaf_value=-0.072686445447918899 -0.085381875468489535 -0.078358085339160152 0.075588606977479919 -0.090639525977446442 -0.094837431509917677 0.072597957804091895 -0.07260911540751995 -0.078351150711420639
leaf_weight=0.4329470098018654 0.24377940595150016 0.68952941894531239 1.9992284178733823 0.49371212720870949 0.24953664839267731 0.43234223127365112 0.4324178546667099 0.91957931220531464
leaf_count=2 1 3 9 2 1 2 2 4
internal_value=0 0.020906 0.0491225 -0.0584822 -0.0330159 0.0154241 -0.0811002 -0.0828162
internal_weight=0 3.1217 2.43218 2.77137 1.35808 0.676122 0.681955 1.41329
internal_count=26 14 11 12 6 3 3 6
is_linear=0
shrinkage=0.05


Tree=10
num_leaves=7
num_cat=0
split_feature=4 1 4 3 13 3
split_gain=3.77178 3.17535 2.91577 1.34114 1.64126 0.00257843
threshold=16662.398906518745 1.0000000180025095e-35 -24832.597084364959 7774.3417112421612 -1993587.6730334859 23575.991601307604
decision_type=2 2 2 2 2 2
left_child=1 2 -1 4 -3 -5
right_child=-2 3 -4 5 -6 -7
leaf_value=-0.071052584786738746 -0.076236661081442003 -0.090708860701797914 0.073734779505128745 -0.084820896116452493 0.070972103920522431 -0.070522795925564249
leaf_weight=0.42109724879264865 1.7883525341749189 0.24796372652053833 1.9483496844768522 0.72279417514801025 0.42047421634197257 0.21048243343830109
leaf_count=2 8 1 9 3 2 1
internal_value=0 0.0111646 0.04793 -0.0431564 0.0107733 -0.0818339
internal_weight=0 3.97116 2.36945 1.60171 0.668438 0.933277
internal_count=26 18 11 7 3 4
is_linear=0
shrinkage=0.05


Tree=11
num_leaves=9
num_cat=0
split_feature=7 8 10 0 0 10 0 12
split_gain=2.23786 2.37661 1.80645 2.10979 1.74127 0.823584 0.785183 0.00222096
threshold=144.00000000000003 632.50000000000011 329.50000000000006 0.37500000000000028 0.85416666666666707 329.50000000000006 0.64583333333333359 843.00000000000011
decision_type=2 2 2 2 2 2 2 2
left_child=2 4 -1 -4 5 6 -2 -7
right_child=1 -3 3 -5 -6 7 -8 -9
leaf_value=-0.069216684586556457 0.06899585349282579 0.071198643904044942 -0.087021326494641518 0.070960069382346377 0.076765795635905396 -0.087105598725921038 -0.06903273988486501 -0.075428508078683176
leaf_weight=0.40590918064117465 0.20427280664444092 0.42100040614604939 0.24536842107772816 1.4489739239215849 0.22954112291336048 0.2454423159360889 0.20443111658096313 2.2123298496007919
leaf_count=2 1 2 1 7 1 1 1 10
internal_value=0 -0.0399588 0.0252304 0.0479605 -0.0551361 -0.0657714 0 -0.0766935
internal_weight=0 3.51702 2.10025 1.69434 3.09602 2.86648 0.408704 2.45777
internal_count=26 16 10 8 14 13 2 11
is_linear=0
shrinkage=0.05


Tree=12
num_leaves=5
num_cat=0
split_feature=4 9 10 4
split_gain=3.84695 2.05649 1.26913 2.22561
threshold=16662.398906518745 10567.000000000002 425.50000000000006 -1.0000000180025095e-35
decision_type=2 2 2 2
left_child=1 2 3 -1
right_child=-2 -3 -4 -5
leaf_value=-0.068310086429037381 -0.072683245738294822 -0.07668845459899043 0.070042682371655132 0.068349222341658467
leaf_weight=0.5938606858253479 1.6990347206592558 0.45569950342178334 1.4219883680343626 0.59442695975303717
leaf_count=3 8 2 7 3
internal_value=0 0.0210607 0.0382015 0
internal_weight=0 3.06598 2.61028 1.18829
internal_count=23 15 13 6
is_linear=0
shrinkage=0.05


Tree=13
num_leaves=7
num_cat=0
split_feature=6 11 3 1 5 3
split_gain=3.29043 2.15305 0.834189 0.808477 0.31334 1.3345
threshold=1338.0000000000002 94.000000000000014 23575.991601307604 1.0000000180025095e-35 59.500000000000007 19650.108883254357
decision_type=2 2 2 2 2 2
left_child=2 4 -1 -4 5 -2
right_child=1 -3 3 -5 -6 -7
leaf_value=-0.070234866923039568 0.067105335236817804 -0.07233392060435441 0.073473151685804677 -0.066301818951459424 0.067581472705598875 -0.075597075858490181
leaf_weight=1.8226490765810015 0.57568033039569888 0.43049269914627064 0.22064310312271107 0.19149015843868256 1.1581034362316129 0.22664768993854523
leaf_count=9 3 2 1 1 6 1
internal_value=0 0.0286319 -0.055715 0.00829187 0.0508958 0.0265992
internal_weight=0 2.39092 2.23478 0.412133 1.96043 0.802328
internal_count=23 12 11 2 10 4
is_linear=0
shrinkage=0.05


Tree=14
num_leaves=4
num_cat=0
split_feature=4 6 7
split_gain=3.33513 3.24775 1.58276
threshold=16662.398906518745 947.00000000000011 388.00000000000006
decision_type=2 2 2
left_child=1 -1 -3
right_child=-2 2 -4
leaf_value=-0.06761405568762538 -0.069660043899388957 0.067112187894577721 -0.073651456603269105
leaf_weight=0.76839107275009189 1.6027723997831342 1.8922359943389895 0.22118668258190144
leaf_count=4 8 10 1
internal_value=0 0.0202629 0.0522871
internal_weight=0 2.88181 2.11342
internal_count=23 15 11
is_linear=0
shrinkage=0.05


Tree=15
num_leaves=5
num_cat=0
split_feature=11 4 10 4
split_gain=4.57994 1.4071 1.12091 0.0221857
threshold=94.000000000000014 25559.633825291527 1.0000000180025095e-35 -15624.881673813485
decision_type=2 2 2 2
left_child=1 2 -1 -2
right_child=3 -3 -4 -5
leaf_value=-0.064100919048737659 -0.086346639319232837 -0.076014656952869547 0.066251301148829683 -0.067047513774066356
leaf_weight=0.17908936738968018 0.24474982917308818 0.22771322727203358 1.8357360213994978 1.3179520666599269
leaf_count=1 1 1 10 7
internal_value=0 0.0412219 0.0545727 -0.0702227
internal_weight=0 2.24254 2.01483 1.5627
internal_count=20 12 11 8
is_linear=0
shrinkage=0.05


Tree=16
num_leaves=6
num_cat=0
split_feature=4 13 4 1 4
split_gain=3.3085 2.28356 0.295105 0.747068 0.00696386
threshold=16662.398906518745 -156214649.41892037 -19164.525539276852 1.0000000180025095e-35 -15624.881673813485
decision_type=2 2 2 2 2
left_child=1 4 3 -3 -1
right_child=-2 2 -4 -5 -6
leaf_value=-0.083265008973862811 -0.067683148186073502 -0.063123015977857563 0.065452266170178047 0.063602716388336131 -0.063046405823598634
leaf_weight=0.24126765131950378 1.3241519033908842 0.17295277118682895 1.4289520382881162 0.34448665380477905 0.17245483398437533
leaf_count=1 7 1 8 2 1
internal_value=0 0.0310056 0.0537107 0.0209917 -0.0753626
internal_weight=0 2.36011 1.94639 0.517439 0.413722
internal_count=20 13 11 3 2
is_linear=0
shrinkage=0.05


Tree=17
num_leaves=5
num_cat=0
split_feature=11 7 6 14
split_gain=3.9876 1.23301 0.984045 0.0112672
threshold=94.000000000000014 388.00000000000006 1338.0000000000002 -63450083.968608946
decision_type=2 2 2 2
left_child=1 2 -1 -2
right_child=3 -3 -4 -5
leaf_value=-0.062214523924405823 -0.080530965227906343 -0.072380012339057609 0.064247639236295603 -0.064893546447008246
leaf_weight=0.16688331961631853 0.23714731633663189 0.21714179217815388 1.7117163538932798 1.2300967425107951
leaf_count=1 1 1 10 7
internal_value=0 0.0398398 0.0529161 -0.0675772
internal_weight=0 2.09574 1.8786 1.46724
internal_count=20 12 11 8
is_linear=0
shrinkage=0.05


Tree=18
num_leaves=6
num_cat=0
split_feature=4 0 6 0 8
split_gain=3.00624 2.46354 1.12107 2.09846 0.0256663
threshold=16662.398906518745 0.37500000000000028 947.00000000000011 0.64583333333333359 36.000000000000007
decision_type=2 2 2 2 2
left_child=1 -1 3 -3 -4
right_child=-2 2 4 -5 -6
leaf_value=-0.079323321838464994 -0.064235392997926577 0.078942820443357375 0.084124158520943113 -0.065979343144360936 0.064209799352665728
leaf_weight=0.46212726831436191 1.2018099725246427 0.46650087833404563 0.24235332012176503 0.53366154432296753 1.6933574825525282
leaf_count=2 7 2 1 3 10
internal_value=0 0.0277132 0.0446306 0.00153964 0.0668248
internal_weight=0 3.398 2.93587 1.00016 1.93571
internal_count=25 18 16 5 11
is_linear=0
shrinkage=0.05


Tree=19
num_leaves=7
num_cat=0
split_feature=4 7 0 12 0 12
split_gain=2.81353 2.56419 1.74502 0.507638 0.457286 0.0348923
threshold=16662.398906518745 304.50000000000006 0.37500000000000028 653.00000000000011 0.64583333333333359 6333.0000000000009
decision_type=2 2 2 2 2 2
left_child=1 2 -1 4 -4 -5
right_child=-2 -3 3 5 -6 -7
leaf_value=-0.081201662703933572 -0.063339422354961525 -0.068576950868378755 0.060484676377299998 0.063488804690041284 -0.060521140041929281 0.078614067435927082
leaf_weight=0.23825755715370256 1.1589794754981992 0.57475222647190083 0.15429921448230777 1.4783715903759005 0.15457870066165924 0.69481271505355824
leaf_count=1 7 3 1 9 1 3
internal_value=0 0.0271746 0.0474707 0.0599083 0 0.0684269
internal_weight=0 3.29507 2.72032 2.48206 0.308878 2.17318
internal_count=25 18 15 14 2 12
is_linear=0
shrinkage=0.05


Tree=20
num_leaves=8
num_cat=0
split_feature=14 1 3 5 3 8 3
split_gain=2.63563 2.03746 1.97617 0.365106 0.539826 0.0235451 0.000181609
threshold=59964925.572369911 1.0000000180025095e-35 7774.3417112421612 1.0000000180025095e-35 23575.991601307604 102.00000000000001 23575.991601307604
decision_type=2 2 2 2 2 2 2
left_child=1 3 -3 4 -1 -5 -4
right_child=-2 2 6 5 -6 -7 -8
leaf_value=-0.05978598753562319 -0.062509274447864249 0.060576444004228992 -0.073275443826030712 0.076430208907107083 0.066369217722217613 0.062199849761122618 -0.059599837545763534
leaf_weight=0.14882242679595958 1.116745591163635 0.4440942257642746 0.6429450660943985 0.67937164008617379 0.1918407529592514 0.9370756596326828 0.14732448756694794
leaf_count=1 7 3 3 3 1 6 1
internal_value=0 0.0266753 -0.0235542 0.0583973 0.0109534 0.0683145 -0.0709815
internal_weight=0 3.19147 1.23436 1.95711 0.340663 1.61645 0.79027
internal_count=25 18 7 11 2 9 4
is_linear=0
shrinkage=0.05


Tree=21
num_leaves=8
num_cat=0
split_feature=7 6 9 6 9 5 6
split_gain=2.2992 2.10092 1.12523 0.718905 0.74514 0.0196153 0.0114963
threshold=74.500000000000014 1338.0000000000002 11948.500000000002 3714.0000000000005 2986.0000000000005 5938.5000000000009 1978.0000000000002
decision_type=2 2 2 2 2 2 2
left_child=-1 5 3 4 -3 -2 -6
right_child=1 2 -4 -5 6 -7 -8
leaf_value=0.072972485831000064 -0.065745017414990323 -0.058662074439976446 -0.066116846256419462 -0.062354412672493698 0.060039121280671695 -0.084007155037169531 0.076654035572717799
leaf_weight=0.63281576335430134 1.5242855101823809 0.13953010737895943 0.36761805415153492 0.16784155368804921 0.70899926126003265 0.24221095442771901 0.22927622497081757
leaf_count=3 9 1 2 1 5 1 1
internal_value=0 -0.0307292 0.0104694 0.0332084 0.0482541 -0.0683822 0.0643334
internal_weight=0 3.37976 1.61327 1.24565 1.07781 1.7665 0.938275
internal_count=23 20 10 8 7 10 6
is_linear=0
shrinkage=0.05


Tree=22
num_leaves=11
num_cat=0
split_feature=7 3 3 8 2 8 0 8 0 0
split_gain=2.144 0.965684 1.13611 0.795837 0.684987 0.367541 0.438622 0.00571706 0.00479705 0.000707949
threshold=74.500000000000014 -22692.347077583221 23575.991601307604 36.000000000000007 1.0000000180025095e-35 632.50000000000011 0.4791666666666668 206.00000000000003 0.52083333333333359 0.37500000000000028
decision_type=2 2 2 2 2 2 2 2 2 2
left_child=-1 -2 3 4 -3 7 -7 -5 9 -9
right_child=1 2 -4 5 -6 6 -8 8 -10 -11
leaf_value=0.071361938490336632 0.059108592890347089 -0.060840315358942576 0.058865323602751166 -0.062816792131375587 0.074606312820280407 -0.062004222773486599 0.05831227204692635 -0.07176974753810024 -0.081191000106303909 -0.060412752335057218
leaf_weight=0.61522729694843326 0.27454611659050066 0.15699900686740909 0.27013486623764027 1.0858496874570853 0.2239719033241272 0.1654263138771056 0.13651733100414276 0.42041367292404164 0.23824043571949005 0.29362191259860992
leaf_count=3 2 1 2 7 1 1 1 2 1 2
internal_value=0 -0.0302447 -0.0385072 -0.0482402 0.0185153 -0.0591548 -0.00726773 -0.0667821 -0.0710823 -0.0673893
internal_weight=0 3.26572 2.99118 2.72104 0.380971 2.34007 0.301944 2.03813 0.952276 0.714036
internal_count=23 20 18 16 2 14 2 12 5 4
is_linear=0
shrinkage=0.05


Tree=23
num_leaves=9
num_cat=0
split_feature=4 6 4 0 0 8 0 0
split_gain=1.54902 1.41082 1.09179 1.00661 1.06435 0.00527663 0.00420666 0.00233616
threshold=16662.398906518745 1518.0000000000002 -24832.597084364959 0.77083333333333359 0.37500000000000028 272.50000000000006 0.60416666666666685 0.85416666666666707
decision_type=2 2 2 2 2 2 2 2
left_child=1 2 5 4 -4 -1 -6 -3
right_child=-2 7 3 -5 6 -7 -8 -9
leaf_value=-0.057726845015602768 -0.061444070113017349 0.060164643973145873 -0.065869510088907235 -0.063191575357197924 0.058518989429894745 -0.07644164103531155 0.072295521888693939 0.072754462052893959
leaf_weight=0.13134959340095553 1.1735528856515882 0.56017497181892384 0.18920138478279136 0.33362890779972076 0.26373761892318726 0.45297366380691528 0.42772156000137329 0.21837447583675385
leaf_count=1 8 4 1 2 2 2 2 1
internal_value=0 0.00779325 -0.0165083 0.0104588 0.0385377 -0.0725794 0.0673368 0.0639708
internal_weight=0 2.57716 1.79861 1.21429 0.880661 0.584323 0.691459 0.778549
internal_count=23 15 10 7 5 3 4 5
is_linear=0
shrinkage=0.05


Tree=24
num_leaves=7
num_cat=0
split_feature=14 2 0 0 11 0
split_gain=1.98555 0.810596 1.14906 0.90415 0.00465154 0.0029752
threshold=59964925.572369911 1.0000000180025095e-35 0.52083333333333359 0.37500000000000028 1223.0000000000002 0.77083333333333359
decision_type=2 2 2 2 2 2
left_child=1 2 3 -1 -3 -4
right_child=-2 4 5 -5 -6 -7
leaf_value=-0.064760585542988316 -0.059711272933373777 0.057913039525143609 -0.076493255758125628 0.058451427233542498 0.069570372740115585 -0.057977498448343989
leaf_weight=0.18300557136535711 0.81652062386274327 0.37066061794757832 0.22889086604118347 0.75806981325149536 0.60933364927768707 0.13358128070831299
leaf_count=1 6 3 1 6 3 1
internal_value=0 0.0310444 0.00511513 0.0343152 0.0653677 -0.0702377
internal_weight=0 2.28354 1.30355 0.941075 0.979994 0.362472
internal_count=21 15 9 7 6 2
is_linear=0
shrinkage=0.05


Tree=25
num_leaves=7
num_cat=0
split_feature=8 11 9 8 12 8
split_gain=1.54336 1.50251 0.813167 0.683175 0.00896766 0.00388996
threshold=102.00000000000001 94.000000000000014 11948.500000000002 1.0000000180025095e-35 843.00000000000011 36.000000000000007
decision_type=2 2 2 2 2 2
left_child=3 2 -2 -1 -3 -5
right_child=1 4 -4 5 -6 -7
leaf_value=-0.057393969528673039 0.057719641699865633 -0.074461204716331691 -0.063734626818879633 0.068227475990506423 -0.05912919847449264 0.057838872793237343
leaf_weight=0.12834255397319827 0.59691894054412831 0.22356200218200661 0.17683787643909454 0.59076513350009896 0.78416655957698822 0.48586931824684143
leaf_count=1 5 1 1 3 6 4
internal_value=0 -0.0225245 0.0297588 0.0506842 -0.0627461 0.0637275
internal_weight=0 1.78149 0.773757 1.20498 1.00773 1.07663
internal_count=21 13 6 8 7 7
is_linear=0
shrinkage=0.05


Tree=26
num_leaves=7
num_cat=0
split_feature=4 10 2 12 5 4
split_gain=1.75594 1.0382 0.319622 0.604982 0.556167 0.00104863
threshold=16662.398906518745 1127.5000000000002 1.0000000180025095e-35 2155.5000000000005 13281.500000000002 -15624.881673813485
decision_type=2 2 2 2 2 2
left_child=1 2 3 4 -1 -4
right_child=-2 -3 5 -5 -6 -7
leaf_value=0.057475424618943588 -0.058584594418109065 -0.072622927759688538 0.066996394775166002 -0.062782985809807512 -0.056842344399953941 0.056950295900243947
leaf_weight=0.69739808142185278 0.75269591063261021 0.21794550120830525 0.57204577326774597 0.17072340846061707 0.12325413525104523 0.34085061401128769
leaf_count=6 6 1 3 1 1 3
internal_value=0 0.0302048 0.0420785 0.022214 0.0401067 0.063464
internal_weight=0 2.12222 1.90427 0.991376 0.820652 0.912896
internal_count=21 15 14 8 7 6
is_linear=0
shrinkage=0.05


Tree=27
num_leaves=8
num_cat=0
split_feature=5 5 3 3 6 0 0
split_gain=1.91139 1.06126 0.748291 0.747968 0.222134 0.490567 0.0025795
threshold=5938.5000000000009 1.0000000180025095e-35 27654.703989398451 -22692.347077583221 1978.0000000000002 0.60416666666666685 0.60416666666666685
decision_type=2 2 2 2 2 2 2
left_child=1 -1 3 -3 -5 -6 -2
right_child=6 2 -4 4 5 -7 -8
leaf_value=0.059254374480310137 0.056290024119705295 0.061086220784486382 0.056183450338357491 -0.062536694572496138 -0.058580766754524061 0.058033100949278688 0.068719549807360475
leaf_weight=0.38749191164970476 0.21930241584777821 0.15883134305477176 0.21704079210758198 1.2187548130750649 0.26486708223819722 0.13407240808010101 0.77774366736412048
leaf_count=3 2 1 2 8 2 1 4
internal_value=0 -0.0162052 -0.0309587 -0.0417028 -0.0519081 -0.0190702 0.0661829
internal_weight=0 2.38106 1.99357 1.77653 1.61769 0.398939 0.997046
internal_count=23 17 14 12 11 3 6
is_linear=0
shrinkage=0.05


Tree=28
num_leaves=8
num_cat=0
split_feature=7 8 6 6 7 7 1
split_gain=2.02824 1.00145 0.577992 0.203052 0.462303 0.0978983 0.491492
threshold=144.00000000000003 61.500000000000007 1338.0000000000002 1978.0000000000002 249.00000000000003 74.500000000000014 1.0000000180025095e-35
decision_type=2 2 2 2 2 2 2
left_child=5 2 -2 -3 -5 -1 -7
right_child=1 3 -4 4 -6 6 -8
leaf_value=0.066406140829392946 -0.058030589786223989 -0.062643223149644919 0.061054556723497237 -0.05802344235132556 0.0574464577289076 0.057923201217649746 -0.055645228682355358
leaf_weight=0.71780808269977592 0.13405029475688923 0.92732635885477044 0.40188899636268616 0.25432400405406952 0.12882000207901001 0.57665649056434631 0.11179742217063904
leaf_count=4 1 6 3 2 1 5 1
internal_value=0 -0.0264009 0.0310004 -0.0499591 -0.0188682 0.0532434 0.0392496
internal_weight=0 1.84641 0.535939 1.31047 0.383144 1.40626 0.688454
internal_count=23 13 4 9 3 10 6
is_linear=0
shrinkage=0.05


end of trees

feature_importances:
day_cos=26
age=25
ClothesWasher_midnight=20
day_sin=17
AirConditioner_midnight=16
ClothesWasher_daytime=12
Microwave_daytime=10
RiceCooker_midnight=10
AirConditioner_daytime=9
day_sin_*_Microwave_daytime=9
edu_0=8
TV_daytime=7
IH_daytime=7
edu_1=6
day_sin_*_AirConditioner_daytime=6

parameters:
[boosting: gbdt]
[objective: binary]
[metric: roc_auc]
[tree_learner: serial]
[device_type: cpu]
[data_sample_strategy: bagging]
[data: ]
[valid: ]
[num_iterations: 10000]
[learning_rate: 0.05]
[num_leaves: 31]
[num_threads: 0]
[seed: 0]
[deterministic: 0]
[force_col_wise: 0]
[force_row_wise: 0]
[histogram_pool_size: -1]
[max_depth: -1]
[min_data_in_leaf: 1]
[min_sum_hessian_in_leaf: 0.001]
[bagging_fraction: 0.606139]
[pos_bagging_fraction: 1]
[neg_bagging_fraction: 1]
[bagging_freq: 3]
[bagging_seed: 3]
[feature_fraction: 0.400519]
[feature_fraction_bynode: 1]
[feature_fraction_seed: 2]
[extra_trees: 0]
[extra_seed: 6]
[early_stopping_round: 0]
[early_stopping_min_delta: 0]
[first_metric_only: 0]
[max_delta_step: 0]
[lambda_l1: 0.00191852]
[lambda_l2: 0.00171224]
[linear_lambda: 0]
[min_gain_to_split: 0]
[drop_rate: 0.1]
[max_drop: 50]
[skip_drop: 0.5]
[xgboost_dart_mode: 0]
[uniform_drop: 0]
[drop_seed: 4]
[top_rate: 0.2]
[other_rate: 0.1]
[min_data_per_group: 100]
[max_cat_threshold: 32]
[cat_l2: 10]
[cat_smooth: 10]
[max_cat_to_onehot: 4]
[top_k: 20]
[monotone_constraints: ]
[monotone_constraints_method: basic]
[monotone_penalty: 0]
[feature_contri: ]
[forcedsplits_filename: ]
[refit_decay_rate: 0.9]
[cegb_tradeoff: 1]
[cegb_penalty_split: 0]
[cegb_penalty_feature_lazy: ]
[cegb_penalty_feature_coupled: ]
[path_smooth: 0]
[interaction_constraints: ]
[verbosity: -1]
[saved_feature_importance_type: 0]
[use_quantized_grad: 0]
[num_grad_quant_bins: 4]
[quant_train_renew_leaf: 0]
[stochastic_rounding: 1]
[linear_tree: 0]
[max_bin: 255]
[max_bin_by_feature: ]
[min_data_in_bin: 3]
[bin_construct_sample_cnt: 200000]
[data_random_seed: 1]
[is_enable_sparse: 1]
[enable_bundle: 1]
[use_missing: 1]
[zero_as_missing: 0]
[feature_pre_filter: 1]
[pre_partition: 0]
[two_round: 0]
[header: 0]
[label_column: ]
[weight_column: ]
[group_column: ]
[ignore_column: ]
[categorical_feature: ]
[forcedbins_filename: ]
[precise_float_parser: 0]
[parser_config_file: ]
[objective_seed: 5]
[num_class: 1]
[is_unbalance: 0]
[scale_pos_weight: 1]
[sigmoid: 1]
[boost_from_average: 1]
[reg_sqrt: 0]
[alpha: 0.9]
[fair_c: 1]
[poisson_max_delta_step: 0.7]
[tweedie_variance_power: 1.5]
[lambdarank_truncation_level: 30]
[lambdarank_norm: 1]
[label_gain: ]
[lambdarank_position_bias_regularization: 0]
[eval_at: ]
[multi_error_top_k: 1]
[auc_mu_weights: ]
[num_machines: 1]
[local_listen_port: 12400]
[time_out: 120]
[machine_list_filename: ]
[machines: ]
[gpu_platform_id: -1]
[gpu_device_id: -1]
[gpu_use_dp: 0]
[num_gpu: 1]

end of parameters

pandas_categorical:null
