tree
version=v4
num_class=1
num_tree_per_iteration=1
label_index=0
max_feature_idx=14
objective=binary sigmoid:1
feature_names=age edu_0 edu_1 day_cos day_sin AirConditioner_daytime AirConditioner_midnight ClothesWasher_daytime ClothesWasher_midnight Microwave_daytime RiceCooker_midnight TV_daytime IH_daytime day_sin_*_AirConditioner_daytime day_sin_*_Microwave_daytime
feature_infos=[0.041666666666666963:1] [0:1] [0:1] [-28133.953770688327:28309.074453867252] [-27964.437139298483:21448.443176078956] [0:20209] [223:10757] [5:429] [0:615] [66:22043] [26:1606] [0:6656] [0:9845] [-221817121.88026255:413638738.01866138] [-441850191.8419171:218559635.96424454]
tree_sizes=783 836 850 859 953 859 857 856 858 857 856 853 855 859 852 852 854 854 856 859 859 858 858 858 856 855 864 853 861 863 861 854 870 967 865 867 868 862 869 863 863 863 867 867 870 968 870 869 871 863 870 859

Tree=0
num_leaves=7
num_cat=0
split_feature=1 13 10 0 0 6
split_gain=6.98647 7.47625 6.64811 0.895085 0.624941 0.475912
threshold=1.0000000180025095e-35 -24629486.488432311 57.000000000000007 0.43750000000000028 0.43750000000000028 1836.0000000000002
decision_type=2 2 2 2 2 2
left_child=3 4 -3 -1 -2 -4
right_child=1 2 5 -5 -6 -7
leaf_value=0 0.062498109021352048 0.049994717227734325 -0.083334026821033136 0.072727129736750634 0 -0.016654020352644378
leaf_weight=0.50000000000000033 1.2499999999999998 0.74999999999999989 3.75 1.9999999999999998 0.49999999999999989 0.74999999999999989
leaf_count=2 5 3 15 8 2 3
internal_value=0 -0.0258044 -0.0541656 0.0615372 0.0499968 -0.0761906
internal_weight=0 7 5.25 2.5 1.75 4.5
internal_count=38 28 21 10 7 18
is_linear=0
shrinkage=0.05


Tree=1
num_leaves=7
num_cat=0
split_feature=1 13 9 8 0 3
split_gain=6.43009 6.93076 4.48109 0.883378 0.587143 0.475943
threshold=1.0000000180025095e-35 -24629486.488432311 1458.0000000000002 42.000000000000007 0.43750000000000028 -27346.988719016477
decision_type=2 2 2 2 2 2
left_child=3 4 -3 -1 -2 -4
right_child=1 2 5 -5 -6 -7
leaf_value=-0.00070773656030363556 0.060582309010860882 0.028101045384894687 -0.015135732752960748 0.070473079514798212 0 -0.079413765864363148
leaf_weight=0.4996697157621387 1.2487801909446714 0.9990980178117751 0.74911560118198339 1.9976880103349683 0.49999999999999989 3.4947629272937779
leaf_count=2 5 4 3 8 2 14
internal_value=0 -0.0244805 -0.0518318 0.0593485 0.0484583 -0.0720482
internal_weight=0 6.99176 5.24298 2.49736 1.74878 4.24388
internal_count=38 28 21 10 7 17
is_linear=0
shrinkage=0.05


Tree=2
num_leaves=7
num_cat=0
split_feature=1 11 10 5 9 5
split_gain=5.93954 5.28858 6.38069 2.6808 0.872257 0.555567
threshold=1.0000000180025095e-35 111.50000000000001 57.000000000000007 12930.000000000002 4026.0000000000005 3115.5000000000005
decision_type=2 2 2 2 2 2
left_child=4 2 -2 5 -1 -3
right_child=1 3 -4 -5 -6 -7
leaf_value=-0.0014047010348481566 0.048079509088680181 0.0019253234665776451 -0.077752466646954843 -0.039048811236311293 0.068386735183293787 0.063383548870171752
leaf_weight=0.49872268736362491 0.74885760247707356 0.49828870594501529 3.729893833398819 0.49942407011985768 1.9917022585868833 1.4952778965234754
leaf_count=2 3 2 15 2 8 6
internal_value=0 -0.023348 -0.0528313 0.0295806 0.0573117 0.0527552
internal_weight=0 6.97174 4.47875 2.49299 2.49042 1.99357
internal_count=38 28 18 10 10 8
is_linear=0
shrinkage=0.05


Tree=3
num_leaves=7
num_cat=0
split_feature=1 13 10 9 13 0
split_gain=5.49307 5.96866 5.55623 0.817168 0.550201 0.529965
threshold=1.0000000180025095e-35 -24629486.488432311 57.000000000000007 4026.0000000000005 -4030350.8761912743 0.43750000000000028
decision_type=2 2 2 2 2 2
left_child=3 5 -3 -1 -4 -2
right_child=1 2 4 -5 -6 -7
leaf_value=-0.0013766152703814023 0.056994868649598456 0.046936996063795977 -0.01247513674826551 0.066169300728993255 -0.075402901152969437 -0.0002237164436376787
leaf_weight=0.49874728918075595 1.2391974031925199 0.74702288210391987 0.74278336763381902 1.9809067100286482 3.7081860899925236 0.49965380132198323
leaf_count=2 5 3 3 8 15 2
internal_value=0 -0.0223024 -0.0478345 0.0554101 -0.0682182 0.0454291
internal_weight=0 6.93684 5.19799 2.47965 4.45097 1.73885
internal_count=38 28 21 10 18 7
is_linear=0
shrinkage=0.05


Tree=4
num_leaves=8
num_cat=0
split_feature=1 14 10 4 8 9 7
split_gain=5.07507 4.66961 3.38078 2.56173 0.80861 0.597939 0.157677
threshold=1.0000000180025095e-35 -9499979.0623801444 527.00000000000011 -9887.3797312634142 42.000000000000007 9112.5000000000018 251.00000000000003
decision_type=2 2 2 2 2 2 2
left_child=4 2 5 -4 -1 -2 -5
right_child=1 -3 3 6 -6 -7 -8
leaf_value=-0.00200874901387805 0.061102002888689957 -0.06744606463725468 -0.057756734714038319 0.00079676127271807035 0.064392021218940401 7.4599495777137573e-05 0.035351997383329233
leaf_weight=0.49735100567340884 1.4868233799934385 2.4525943249464035 1.4676607847213743 0.49979162216186557 1.9675999283790586 0.49237427115440358 0.49266356229782104
leaf_count=2 6 10 6 2 8 2 2
internal_value=0 -0.0212405 0.0103382 -0.0258903 0.0536427 0.0501202 0.0257955
internal_weight=0 6.89191 4.43931 2.46012 2.46495 1.9792 0.992455
internal_count=38 28 18 10 10 8 4
is_linear=0
shrinkage=0.05


Tree=5
num_leaves=7
num_cat=0
split_feature=1 13 10 0 3 0
split_gain=4.72123 5.22898 4.89969 0.800184 0.517715 0.509094
threshold=1.0000000180025095e-35 -24629486.488432311 57.000000000000007 0.43750000000000028 -27346.988719016477 0.43750000000000028
decision_type=2 2 2 2 2 2
left_child=3 5 -3 -1 -4 -2
right_child=1 2 4 -5 -6 -7
leaf_value=-0.0026135329605839926 0.054413050644152583 0.044466906657522731 -0.011127090169599715 0.062731075128085734 -0.070932282529823185 -0.00083765218080639322
leaf_weight=0.49551570415496859 1.2253193855285642 0.73980773985385884 0.73737922310829107 1.9517421126365659 3.640237152576447 0.49894490838050831
leaf_count=2 5 3 3 8 15 2
internal_value=0 -0.020455 -0.0446047 0.0519823 -0.0639631 0.0430063
internal_weight=0 6.84169 5.11742 2.44726 4.37762 1.72426
internal_count=38 28 21 10 18 7
is_linear=0
shrinkage=0.05


Tree=6
num_leaves=7
num_cat=0
split_feature=1 13 8 10 0 9
split_gain=4.37086 4.94483 3.87647 2.07069 1.45977 0.755903
threshold=1.0000000180025095e-35 -1.0000000180025095e-35 27.000000000000004 634.00000000000011 0.4791666666666668 4026.0000000000005
decision_type=2 2 2 2 2 2
left_child=5 2 -2 -4 -5 -1
right_child=1 -3 3 4 -6 -7
leaf_value=-0.0025686466486949779 -0.050091970924345114 -0.064715975088997332 0.06492349688018427 0.033753838061783219 -0.040444429419957413 0.060939608314404328
leaf_weight=0.49557505548000369 0.97737684845924366 2.6343371421098709 1.9632663428783419 0.48637309670448281 0.71719628572463989 1.9313588440418241
leaf_count=2 4 11 8 2 3 8
internal_value=0 -0.0195242 0.0147107 0.0404769 -0.00900089 0.0504179
internal_weight=0 6.77855 4.14421 3.16684 1.20357 2.42693
internal_count=38 28 17 13 5 10
is_linear=0
shrinkage=0.05


Tree=7
num_leaves=7
num_cat=0
split_feature=1 13 8 10 0 8
split_gain=4.09466 4.60735 3.65611 1.93558 1.40107 0.750418
threshold=1.0000000180025095e-35 -1.0000000180025095e-35 27.000000000000004 634.00000000000011 0.4791666666666668 42.000000000000007
decision_type=2 2 2 2 2 2
left_child=5 2 -2 -4 -5 -1
right_child=1 -3 3 4 -6 -7
leaf_value=-0.0031443202416201904 -0.048880932625245052 -0.062902529978921484 0.062979875564203147 0.033167762633511115 -0.039630237242884031 0.059507819606670412
leaf_weight=0.49337823688983951 0.97026269137859333 2.5973141640424728 1.946220323443413 0.4835366904735563 0.71089477837085724 1.9105519056320188
leaf_count=2 4 11 8 2 3 8
internal_value=0 -0.0190132 0.0141363 0.0392788 -0.00872143 0.0489507
internal_weight=0 6.70823 4.11091 3.14065 1.19443 2.40393
internal_count=38 28 17 13 5 10
is_linear=0
shrinkage=0.05


Tree=8
num_leaves=7
num_cat=0
split_feature=1 13 10 0 11 0
split_gain=3.8397 4.34145 4.07122 0.744721 0.47437 0.446886
threshold=1.0000000180025095e-35 -24629486.488432311 57.000000000000007 0.43750000000000028 225.00000000000003 0.43750000000000028
decision_type=2 2 2 2 2 2
left_child=3 5 -3 -1 -4 -2
right_child=1 2 4 -5 -6 -7
leaf_value=-0.0036950824357454871 0.050457683231235964 0.040785927171799796 -0.065689854878919263 0.058157751829896881 -0.0094661598687816369 -0.0011046733713477579
leaf_weight=0.49084453284740481 1.1910087764263151 0.71983860433101643 3.5034640282392502 1.8881347626447675 0.72085070610046376 0.49490195512771595
leaf_count=2 5 3 15 8 3 2
internal_value=0 -0.0185407 -0.040987 0.0475606 -0.0589733 0.0396303
internal_weight=0 6.63006 4.94415 2.37898 4.22431 1.68591
internal_count=38 28 21 10 18 7
is_linear=0
shrinkage=0.05


Tree=9
num_leaves=7
num_cat=0
split_feature=1 13 11 5 0 12
split_gain=3.56427 4.11959 2.08806 2.82901 0.707094 0.436749
threshold=1.0000000180025095e-35 -1.0000000180025095e-35 111.50000000000001 11.000000000000002 0.43750000000000028 2948.0000000000005
decision_type=2 2 2 2 2 2
left_child=4 2 3 -2 -1 -4
right_child=1 -3 5 -5 -6 -7
leaf_value=-0.0036214935778780843 0.0399583492560786 -0.059814597541392671 0.053756863953414717 -0.051447004577245915 0.056666272963696855 0.00071566992750034882
leaf_weight=0.49100677669048343 0.71369084715843234 2.5173604339361191 1.4234989732503889 1.3947013467550275 1.8613474816083906 0.49851940572261799
leaf_count=2 3 11 6 6 8 2
internal_value=0 -0.0177458 0.0137848 -0.0181324 0.0462405 0.0440697
internal_weight=0 6.54777 4.03041 2.10839 2.35235 1.92202
internal_count=38 28 17 9 10 8
is_linear=0
shrinkage=0.05


Tree=10
num_leaves=7
num_cat=0
split_feature=1 13 8 10 0 8
split_gain=3.32931 3.88477 3.1956 1.6379 1.18632 0.702891
threshold=1.0000000180025095e-35 -1.0000000180025095e-35 27.000000000000004 634.00000000000011 0.4791666666666668 42.000000000000007
decision_type=2 2 2 2 2 2
left_child=5 2 -2 -4 -5 -1
right_child=1 -3 3 4 -6 -7
leaf_value=-0.0041385584841802485 -0.045867908346983004 -0.058336135338572292 0.059260042067724152 0.030862879516810673 -0.036613307422522549 0.055480990921834131
leaf_weight=0.48825633525848422 0.94181074202060733 2.4722440987825394 1.8931916207075121 0.46950370073318459 0.68202298879623413 1.8357512950897215
leaf_count=2 4 11 8 2 3 8
internal_value=0 -0.0171624 0.0135584 0.0373774 -0.00776738 0.044993
internal_weight=0 6.45877 3.98653 3.04472 1.15153 2.32401
internal_count=38 28 17 13 5 10
is_linear=0
shrinkage=0.05


Tree=11
num_leaves=7
num_cat=0
split_feature=1 13 8 10 0 12
split_gain=3.1307 3.63694 3.02435 1.53816 1.14095 0.698339
threshold=1.0000000180025095e-35 -1.0000000180025095e-35 27.000000000000004 634.00000000000011 0.4791666666666668 981.00000000000011
decision_type=2 2 2 2 2 2
left_child=5 2 -2 -4 -5 -1
right_child=1 -3 3 4 -6 -7
leaf_value=-0.0046328095287252935 -0.044861465514421536 -0.056949400837174174 0.057707256750700653 0.030362289413198407 -0.035938646510420343 0.054354798049124756
leaf_weight=0.48526255786418948 0.9318620711565021 2.4252676665782928 1.867740720510483 0.4658347964286802 0.6743522435426712 1.8092398345470426
leaf_count=2 4 11 8 2 3 8
internal_value=0 -0.0167926 0.0130743 0.0363987 -0.0075389 0.0438028
internal_weight=0 6.36506 3.93979 3.00793 1.14019 2.2945
internal_count=38 28 17 13 5 10
is_linear=0
shrinkage=0.05


Tree=12
num_leaves=7
num_cat=0
split_feature=1 13 8 10 0 9
split_gain=2.94617 3.40843 2.86471 1.44636 1.09772 0.665804
threshold=1.0000000180025095e-35 -1.0000000180025095e-35 27.000000000000004 634.00000000000011 0.4791666666666668 4026.0000000000005
decision_type=2 2 2 2 2 2
left_child=5 2 -2 -4 -5 -1
right_child=1 -3 3 4 -6 -7
leaf_value=-0.0045408544733344406 -0.043899146375980858 -0.055644732460111979 0.056250280646705002 0.029875769972751917 -0.035286791057003608 0.053086494940700661
leaf_weight=0.48550985753536258 0.9213734865188602 2.3768308162689209 1.8404203802347185 0.4620532691478727 0.66651611030101776 1.7785303890705106
leaf_count=2 4 11 8 2 3 8
internal_value=0 -0.0164474 0.0126163 0.0354756 -0.0073191 0.042665
internal_weight=0 6.26719 3.89036 2.96899 1.12857 2.26404
internal_count=38 28 17 13 5 10
is_linear=0
shrinkage=0.05


Tree=13
num_leaves=7
num_cat=0
split_feature=1 13 10 8 3 0
split_gain=2.77509 3.20846 3.06004 0.662461 0.427681 0.381326
threshold=1.0000000180025095e-35 -24629486.488432311 57.000000000000007 42.000000000000007 -27346.988719016477 0.43750000000000028
decision_type=2 2 2 2 2 2
left_child=3 5 -3 -1 -4 -2
right_child=1 2 4 -5 -6 -7
leaf_value=-0.0050104198658315058 0.045005871274419983 0.035876001760157004 -0.0069499824155416353 0.052085556734474896 -0.059018879665871549 -0.0019771935285446333
leaf_weight=0.48235337436199222 1.1131811887025831 0.67379106581211079 0.68156790733337391 1.7502293139696119 3.2157380580902104 0.4816799759864806
leaf_count=2 5 3 3 8 15 2
internal_value=0 -0.0161241 -0.0362566 0.0415831 -0.0525084 0.0347106
internal_weight=0 6.16596 4.5711 2.23258 3.89731 1.59486
internal_count=38 28 21 10 18 7
is_linear=0
shrinkage=0.05


Tree=14
num_leaves=7
num_cat=0
split_feature=1 11 10 5 0 5
split_gain=2.58454 2.69067 3.21459 1.61704 0.658691 0.149635
threshold=1.0000000180025095e-35 111.50000000000001 57.000000000000007 12930.000000000002 0.43750000000000028 3115.5000000000005
decision_type=2 2 2 2 2 2
left_child=4 2 -2 5 -1 -3
right_child=1 3 -4 -5 -6 -7
leaf_value=-0.0054588528717523952 0.035226175448068157 0.005448656144110383 -0.057797154311422988 -0.030819506352087751 0.051128000208747838 0.048271405000482978
leaf_weight=0.47902266681194339 0.66593764722347293 0.46043615043163333 3.1474404186010361 0.4611857384443282 1.7215297073125837 1.3327660858631132
leaf_count=2 3 2 15 2 8 6
internal_value=0 -0.0154793 -0.0384285 0.0232344 0.0405447 0.0421335
internal_weight=0 6.06777 3.81338 2.25439 2.20055 1.7932
internal_count=38 28 18 10 10 8
is_linear=0
shrinkage=0.05


Tree=15
num_leaves=7
num_cat=0
split_feature=1 13 8 10 5 0
split_gain=2.41485 2.95071 2.51029 1.22383 0.932044 0.629932
threshold=1.0000000180025095e-35 -1.0000000180025095e-35 27.000000000000004 634.00000000000011 3115.5000000000005 0.43750000000000028
decision_type=2 2 2 2 2 2
left_child=5 2 -2 -4 -5 -1
right_child=1 -3 3 4 -6 -7
leaf_value=-0.005350962645689121 -0.0411548413805293 -0.052362627876124869 0.053433081011797313 -0.032635157981920501 0.027961061513752113 0.050027787334344431
leaf_weight=0.47935406863689456 0.88173492252826724 2.2334370762109756 1.7705166935920718 0.630383640527725 0.44509616494178772 1.6887394934892652
leaf_count=2 4 11 8 3 2 8
internal_value=0 -0.014948 0.0124772 0.0342162 -0.0063594 0.0395465
internal_weight=0 5.96117 3.72773 2.846 1.07548 2.16809
internal_count=38 28 17 13 5 10
is_linear=0
shrinkage=0.05


Tree=16
num_leaves=7
num_cat=0
split_feature=1 13 8 10 5 8
split_gain=2.27936 2.77447 2.38452 1.1547 0.898423 0.626878
threshold=1.0000000180025095e-35 -1.0000000180025095e-35 27.000000000000004 634.00000000000011 3115.5000000000005 42.000000000000007
decision_type=2 2 2 2 2 2
left_child=5 2 -2 -4 -5 -1
right_child=1 -3 3 4 -6 -7
leaf_value=-0.0057748756144408052 -0.040344984286294731 -0.051301665840065347 0.052220205117873675 -0.032087535902579414 0.027539050457429871 0.049165443185905856
leaf_weight=0.47593787312507663 0.86981287598609958 2.1824447810649872 1.7392616719007494 0.6220894008874891 0.44091469049453735 1.659236207604408
leaf_count=2 4 11 8 3 2 8
internal_value=0 -0.0146902 0.0120724 0.0334307 -0.0061811 0.0385923
internal_weight=0 5.85452 3.67208 2.80227 1.063 2.13517
internal_count=38 28 17 13 5 10
is_linear=0
shrinkage=0.05


Tree=17
num_leaves=7
num_cat=0
split_feature=1 13 8 10 4 9
split_gain=2.1527 2.61073 2.26662 1.09054 0.866304 0.62338
threshold=1.0000000180025095e-35 -1.0000000180025095e-35 27.000000000000004 634.00000000000011 -9887.3797312634142 4026.0000000000005
decision_type=2 2 2 2 2 2
left_child=5 2 -2 -4 -5 -1
right_child=1 -3 3 4 -6 -7
leaf_value=-0.006179171550570497 -0.039565435361970686 -0.050290727114636107 0.051069503784740802 -0.031556031452235539 0.027127867714964605 0.048335598114406304
leaf_weight=0.47240485250949893 0.85768109560012851 2.1313682198524475 1.7072326838970187 0.61377646028995514 0.43668752908706643 1.6296974122524259
leaf_count=2 4 11 8 3 2 8
internal_value=0 -0.014447 0.0116863 0.032683 -0.00600907 0.0376721
internal_weight=0 5.74675 3.61538 2.7577 1.05046 2.1021
internal_count=38 28 17 13 5 10
is_linear=0
shrinkage=0.05


Tree=18
num_leaves=7
num_cat=0
split_feature=1 13 8 10 0 8
split_gain=2.03417 2.45841 2.15597 1.03087 0.835606 0.597566
threshold=1.0000000180025095e-35 -1.0000000180025095e-35 27.000000000000004 634.00000000000011 0.4791666666666668 42.000000000000007
decision_type=2 2 2 2 2 2
left_child=5 2 -2 -4 -5 -1
right_child=1 -3 3 4 -6 -7
leaf_value=-0.0060584775614391266 -0.038814256569797069 -0.049325270627610621 0.049975326210497016 0.02672709173665155 -0.031039872606299913 0.047365025645474984
leaf_weight=0.47280687093734775 0.84538613259792361 2.0804009288549423 1.6746223419904711 0.43242308497428872 0.6054607480764389 1.5961713343858717
leaf_count=2 4 11 8 2 3 8
internal_value=0 -0.0142173 0.0113174 0.03197 -0.00584301 0.0367836
internal_weight=0 5.63829 3.55789 2.71251 1.03788 2.06898
internal_count=38 28 17 13 5 10
is_linear=0
shrinkage=0.05


Tree=19
num_leaves=7
num_cat=0
split_feature=1 13 8 10 5 9
split_gain=1.92358 2.31656 2.05202 0.975279 0.806256 0.594681
threshold=1.0000000180025095e-35 -1.0000000180025095e-35 27.000000000000004 634.00000000000011 3115.5000000000005 4026.0000000000005
decision_type=2 2 2 2 2 2
left_child=5 2 -2 -4 -5 -1
right_child=1 -3 3 4 -6 -7
leaf_value=-0.0064434580922690778 -0.03808967714254765 -0.048401269951191872 0.048932668437166281 -0.030538329451968601 0.026336325655498361 0.046610587238437549
leaf_weight=0.46921285986900363 0.83297032117843661 2.0297111123800278 1.641602545976639 0.59715679287910439 0.42812910676002502 1.5665655583143232
leaf_count=2 4 11 8 3 2 8
internal_value=0 -0.0139997 0.0109644 0.0312889 -0.00568265 0.0359306
internal_weight=0 5.52957 3.49986 2.66689 1.02529 2.03578
internal_count=38 28 17 13 5 10
is_linear=0
shrinkage=0.05


Tree=20
num_leaves=7
num_cat=0
split_feature=1 13 10 0 3 0
split_gain=1.8199 2.20918 2.10836 0.591453 0.347564 0.298634
threshold=1.0000000180025095e-35 -24629486.488432311 57.000000000000007 0.43750000000000028 -27346.988719016477 0.43750000000000028
decision_type=2 2 2 2 2 2
left_child=3 5 -3 -1 -4 -2
right_child=1 2 4 -5 -6 -7
leaf_value=-0.0068125166092777804 0.039207396024663027 0.03030089146172766 -0.0048000971722694259 0.045881596964176846 -0.052305888091509649 -0.0025660156165037661
leaf_weight=0.46552468836307559 0.98789434134960152 0.59329439699649844 0.61557511985302005 1.537195488810539 2.7738077640533447 0.45036178827285767
leaf_count=2 5 3 3 8 15 2
internal_value=0 -0.0137933 -0.0317303 0.0351048 -0.046116 0.0297184
internal_weight=0 5.42093 3.98268 2.00272 3.38938 1.43826
internal_count=38 28 21 10 18 7
is_linear=0
shrinkage=0.05


Tree=21
num_leaves=7
num_cat=0
split_feature=1 13 8 10 5 5
split_gain=1.69977 2.11344 1.89654 0.87979 0.734718 0.567911
threshold=1.0000000180025095e-35 -1.0000000180025095e-35 27.000000000000004 634.00000000000011 3115.5000000000005 11.000000000000002
decision_type=2 2 2 2 2 2
left_child=5 2 -2 -4 -5 -1
right_child=1 -3 3 4 -6 -7
leaf_value=-0.0066793467975098568 -0.03674931658320596 -0.046756039190748389 0.04750960651952274 -0.029228669814230352 0.025394873529087314 0.045012166801182737
leaf_weight=0.46600016951560963 0.80586077272892032 1.9336069971323011 1.5894793421030047 0.57447606325149525 0.41724061965942383 1.5038701891899107
leaf_count=2 4 11 8 3 2 8
internal_value=0 -0.0132713 0.0108476 0.0306415 -0.00519413 0.0343045
internal_weight=0 5.32066 3.38706 2.5812 0.991717 1.96987
internal_count=38 28 17 13 5 10
is_linear=0
shrinkage=0.05


Tree=22
num_leaves=7
num_cat=0
split_feature=2 13 8 10 4 9
split_gain=1.60998 1.99496 1.80808 0.833907 0.709718 0.565016
threshold=1.0000000180025095e-35 -1.0000000180025095e-35 27.000000000000004 634.00000000000011 -9887.3797312634142 4026.0000000000005
decision_type=2 2 2 2 2 2
left_child=1 2 -1 -4 -5 -2
right_child=5 -3 3 4 -6 -7
leaf_value=-0.036094799306805959 -0.0070280686713896298 -0.045932972771200176 0.04657560928034564 -0.028776308088858216 0.025036423185453571 0.044342396481689202
leaf_weight=0.79336108267307315 0.46230845153331745 1.8845237195491789 1.5561660975217821 0.566322922706604 0.41289666295051564 1.4749049246311186
leaf_count=4 2 11 8 3 2 8
internal_value=0 -0.0130907 0.010522 0.0300247 -0.00505436 0.0335335
internal_weight=0 5.21327 3.32875 2.53539 0.97922 1.93721
internal_count=38 28 17 13 5 10
is_linear=0
shrinkage=0.05


Tree=23
num_leaves=7
num_cat=0
split_feature=1 13 10 4 11 0
split_gain=1.52561 1.90325 1.8161 0.56179 0.324736 0.269184
threshold=1.0000000180025095e-35 -24629486.488432311 57.000000000000007 15010.977766286784 225.00000000000003 0.43750000000000028
decision_type=2 2 2 2 2 2
left_child=3 5 -3 -1 -4 -2
right_child=1 2 4 -5 -6 -7
leaf_value=0.043692396522000292 0.037180557863083455 0.02836058700428495 -0.050011728887408062 -0.0073619919821160291 -0.0039293859911526839 -0.0026704941735006885
leaf_weight=1.446338891983032 0.93471144139766671 0.55882291495800052 2.5889732390642171 0.45855592191219319 0.58607541024684895 0.43815827369689941
leaf_count=8 5 3 15 2 3 2
internal_value=0 -0.0129185 -0.0301347 0.0327848 -0.0438871 0.0279993
internal_weight=0 5.10674 3.73387 1.90489 3.17505 1.37287
internal_count=38 28 21 10 18 7
is_linear=0
shrinkage=0.05


Tree=24
num_leaves=7
num_cat=0
split_feature=1 13 11 5 4 12
split_gain=1.42608 1.82601 1.00732 1.29941 0.540146 0.239838
threshold=1.0000000180025095e-35 -1.0000000180025095e-35 111.50000000000001 11.000000000000002 15010.977766286784 2948.0000000000005
decision_type=2 2 2 2 2 2
left_child=4 2 3 -2 -1 -4
right_child=1 -3 5 -5 -6 -7
leaf_value=0.042904046800141482 0.027930664258244964 -0.044455523027744068 0.040359059945653544 -0.038612904947340869 -0.0072190373257281495 7.9473752744485863e-06
leaf_weight=1.4138697683811186 0.55079622566700015 1.7923508435487745 1.1257067322731016 1.0805337131023405 0.45908626914024342 0.4601130038499831
leaf_count=8 3 11 6 6 2 2
internal_value=0 -0.0124335 0.0104305 -0.014415 0.0320572 0.0324226
internal_weight=0 5.0095 3.21715 1.63133 1.87296 1.58582
internal_count=38 28 17 9 10 8
is_linear=0
shrinkage=0.05


Tree=25
num_leaves=7
num_cat=0
split_feature=1 13 8 10 5 9
split_gain=1.34324 1.74136 1.62677 0.724524 0.615997 0.537254
threshold=1.0000000180025095e-35 -1.0000000180025095e-35 27.000000000000004 634.00000000000011 3115.5000000000005 4026.0000000000005
decision_type=2 2 2 2 2 2
left_child=5 2 -2 -4 -5 -1
right_child=1 -3 3 4 -6 -7
leaf_value=-0.0075367143102868421 -0.034457416879363746 -0.043711604730388626 0.044781467112759495 -0.0270077771854936 0.023623398726864177 0.042302900518284031
leaf_weight=0.45533429086208332 0.75536881387233767 1.7456578016281126 1.4815984666347506 0.5330146700143813 0.394746333360672 1.3860574066638944
leaf_count=2 4 11 8 3 2 8
internal_value=0 -0.012124 0.010328 0.0292216 -0.00452059 0.0313544
internal_weight=0 4.91039 3.16473 2.40936 0.927761 1.84139
internal_count=38 28 17 13 5 10
is_linear=0
shrinkage=0.05


Tree=26
num_leaves=7
num_cat=0
split_feature=1 13 8 10 4 0
split_gain=1.27477 1.64694 1.55381 0.688175 0.595941 0.534049
threshold=1.0000000180025095e-35 -1.0000000180025095e-35 27.000000000000004 634.00000000000011 -9887.3797312634142 0.43750000000000028
decision_type=2 2 2 2 2 2
left_child=5 2 -2 -4 -5 -1
right_child=1 -3 3 4 -6 -7
leaf_value=-0.0078405699224461094 -0.033874569758924757 -0.042991178417542679 0.043954698069481664 -0.026611512508033605 0.023305723652621305 0.041717296612698143
leaf_weight=0.45154635608196247 0.74315623939037356 1.6998918950557707 1.4489250630140307 0.52526372671127319 0.39044803380966175 1.3587440997362135
leaf_count=2 4 11 8 3 2 8
internal_value=0 -0.0119835 0.0100295 0.0286683 -0.00440269 0.0306702
internal_weight=0 4.80768 3.10779 2.36464 0.915712 1.81029
internal_count=38 28 17 13 5 10
is_linear=0
shrinkage=0.05


Tree=27
num_leaves=7
num_cat=0
split_feature=1 11 10 5 0 5
split_gain=1.21026 1.46961 1.69725 0.951837 0.514005 0.0322565
threshold=1.0000000180025095e-35 111.50000000000001 57.000000000000007 12930.000000000002 0.43750000000000028 3115.5000000000005
decision_type=2 2 2 2 2 2
left_child=4 2 -2 5 -1 -3
right_child=1 3 -4 -5 -6 -7
leaf_value=-0.0076894428549138805 0.026208072758154372 0.0056585169645780066 -0.047225311392464574 -0.0241392171441243 0.040994915487165502 0.038351765617077455
leaf_weight=0.45211915671825398 0.51738631725311313 0.38969281315803517 2.3481879234313965 0.38992443680763234 1.3275557756423948 1.0612865984439848
leaf_count=2 3 2 15 2 8 6
internal_value=0 -0.011849 -0.0312747 0.0186799 0.0300039 0.0345012
internal_weight=0 4.70648 2.86557 1.8409 1.77967 1.45098
internal_count=38 28 18 10 10 8
is_linear=0
shrinkage=0.05


Tree=28
num_leaves=7
num_cat=0
split_feature=1 13 8 10 4 9
split_gain=1.13638 1.5045 1.43075 0.620987 0.544925 0.511015
threshold=1.0000000180025095e-35 -1.0000000180025095e-35 27.000000000000004 634.00000000000011 -9887.3797312634142 4026.0000000000005
decision_type=2 2 2 2 2 2
left_child=5 2 -2 -4 -5 -1
right_child=1 -3 3 4 -6 -7
leaf_value=-0.0079770419226933946 -0.032669053540598472 -0.041669106175090218 0.042669531863639386 -0.025547527634242742 0.022489902211170483 0.040449253455533261
leaf_weight=0.44836419820785511 0.71567505598068271 1.6135219335556028 1.3940774202346804 0.50399197638034821 0.37906166911125172 1.3011860847473142
leaf_count=2 4 11 8 3 2 8
internal_value=0 -0.011485 0.00986884 0.0280262 -0.0040536 0.0293589
internal_weight=0 4.60633 2.99281 2.27713 0.883054 1.74955
internal_count=38 28 17 13 5 10
is_linear=0
shrinkage=0.05


Tree=29
num_leaves=7
num_cat=0
split_feature=1 13 8 10 4 4
split_gain=1.07993 1.42484 1.36855 0.590737 0.527731 0.507737
threshold=1.0000000180025095e-35 -1.0000000180025095e-35 27.000000000000004 634.00000000000011 -9887.3797312634142 15010.977766286784
decision_type=2 2 2 2 2 2
left_child=5 2 -2 -4 -5 -1
right_child=1 -3 3 4 -6 -7
leaf_value=0.039916050416381084 -0.032137395689009217 -0.041008046274988504 0.041916544508290292 -0.025185849805490108 0.022197057502781611 -0.0082517684247727791
leaf_weight=1.2753667533397672 0.70384134352207217 1.5707291364669798 1.3624362200498583 0.49662050604820251 0.37485626339912403 0.44459323585033406
leaf_count=8 4 11 8 3 2 2
internal_value=0 -0.0113657 0.0095915 0.0275187 -0.00394981 0.0287299
internal_weight=0 4.50848 2.93775 2.23391 0.871477 1.71996
internal_count=38 28 17 13 5 10
is_linear=0
shrinkage=0.05


Tree=30
num_leaves=7
num_cat=0
split_feature=1 13 8 10 4 4
split_gain=1.02666 1.35001 1.30967 0.562249 0.511217 0.489082
threshold=1.0000000180025095e-35 -1.0000000180025095e-35 27.000000000000004 634.00000000000011 -9887.3797312634142 15010.977766286784
decision_type=2 2 2 2 2 2
left_child=5 2 -2 -4 -5 -1
right_child=1 -3 3 4 -6 -7
leaf_value=0.039248347823363582 -0.031620262203304265 -0.040364780581811893 0.041188087511272356 -0.024832475308153835 0.021910472908919308 -0.0080939846156820611
leaf_weight=1.2457180917263029 0.69214217364788089 1.5289816111326215 1.3312575370073321 0.4893554300069809 0.37068244814872731 0.44519574940204609
leaf_count=8 4 11 8 3 2 2
internal_value=0 -0.011251 0.00932366 0.0270281 -0.00384923 0.0281162
internal_weight=0 4.41242 2.88344 2.1913 0.860038 1.69091
internal_count=38 28 17 13 5 10
is_linear=0
shrinkage=0.05


Tree=31
num_leaves=7
num_cat=0
split_feature=1 13 10 9 6 0
split_gain=0.976568 1.28375 1.25148 0.486059 0.260726 0.216069
threshold=1.0000000180025095e-35 -24629486.488432311 57.000000000000007 4026.0000000000005 1836.0000000000002 0.43750000000000028
decision_type=2 2 2 2 2 2
left_child=3 5 -3 -1 -4 -2
right_child=1 2 4 -5 -6 -7
leaf_value=-0.0083558545603513775 0.032481102294493386 0.024069078850498884 -0.044850658153688758 0.0387494599132392 -0.0024091316288820885 -0.003368792159327868
leaf_weight=0.44145023822784413 0.79801109433174111 0.47355964779853854 2.1322479844093327 1.22097672522068 0.51655383408069599 0.39782941341400146
leaf_count=2 5 3 15 8 3 2
internal_value=0 -0.0111407 -0.026566 0.0275214 -0.0389384 0.0238396
internal_weight=0 4.3182 3.12236 1.66243 2.6488 1.19584
internal_count=38 28 21 10 18 7
is_linear=0
shrinkage=0.05


Tree=32
num_leaves=7
num_cat=0
split_feature=8 13 1 10 10 0
split_gain=0.926271 1.57156 1.01533 0.672458 0.470027 0.283265
threshold=1.0000000180025095e-35 -1.0000000180025095e-35 1.0000000180025095e-35 634.00000000000011 1045.5000000000002 0.56250000000000033
decision_type=2 2 2 2 2 2
left_child=-1 3 5 -2 -5 -3
right_child=1 2 -4 4 -6 -7
leaf_value=-0.032983257946017884 0.045209963938598961 -0.0086056902597792875 -0.037982195332434417 -0.023870968718684948 0.021218398078532617 0.027613731991200836
leaf_weight=0.79429906606674183 1.8834787458181383 0.43770329654216766 1.3248465806245804 0.46930184960365284 0.36037352681159973 0.59841281175613403
leaf_count=5 12 2 10 3 2 4
internal_value=0 0.0105924 -0.0166485 0.0327767 -0.00349525 0.0151098
internal_weight=0 5.07412 2.36096 2.71315 0.829675 1.03612
internal_count=38 33 16 17 5 6
is_linear=0
shrinkage=0.05


Tree=33
num_leaves=8
num_cat=0
split_feature=8 13 1 0 3 8 7
split_gain=0.886038 1.48664 0.972795 0.273738 0.222441 0.328629 0.0754376
threshold=1.0000000180025095e-35 -1.0000000180025095e-35 1.0000000180025095e-35 0.56250000000000033 17290.99162621687 178.50000000000003 40.500000000000007
decision_type=2 2 2 2 2 2 2
left_child=-1 4 3 -3 6 -6 -2
right_child=1 2 -4 -5 5 -7 -8
leaf_value=-0.032456537967437867 0.0056902418878083958 -0.0084425497436617231 -0.037399861388295395 0.027209909502438206 0.020952292705773395 -0.018097079179840252 0.04270072098154877
leaf_weight=0.77937504649162281 0.42161194980144534 0.43832379579544067 1.2907415926456451 0.58831147849559784 0.35632652044296254 0.31031081080436707 1.5639854073524473
leaf_count=5 3 2 10 4 2 2 10
internal_value=0 0.0104062 -0.016281 0.0148354 0.0321804 0.00280032 0.0385645
internal_weight=0 4.96961 2.31738 1.02664 2.65223 0.666637 1.9856
internal_count=38 33 16 6 17 4 13
is_linear=0
shrinkage=0.05


Tree=34
num_leaves=7
num_cat=0
split_feature=8 13 1 10 10 4
split_gain=0.849816 1.40841 0.932429 0.623438 0.446075 0.270586
threshold=1.0000000180025095e-35 -1.0000000180025095e-35 1.0000000180025095e-35 634.00000000000011 1045.5000000000002 15010.977766286784
decision_type=2 2 2 2 2 2
left_child=-1 3 5 -2 -5 -3
right_child=1 2 -4 4 -6 -7
leaf_value=-0.031943459646615817 0.043837626635146495 0.0269451839198461 -0.036831151522654169 -0.023408628800063419 0.020691640792921726 -0.0084960248360387691
leaf_weight=0.7647125869989394 1.7931186854839327 0.5806957334280014 1.2575581222772598 0.45954784750938404 0.3523193895816803 0.43662393093109131
leaf_count=5 12 4 10 3 2 2
internal_value=0 0.0102639 -0.0159232 0.0315876 -0.00350916 0.0145692
internal_weight=0 4.87986 2.27488 2.60499 0.811867 1.01732
internal_count=38 33 16 17 5 6
is_linear=0
shrinkage=0.05


Tree=35
num_leaves=7
num_cat=0
split_feature=8 13 1 10 8 0
split_gain=0.813526 1.33358 0.894027 0.594302 0.43272 0.264153
threshold=1.0000000180025095e-35 -1.0000000180025095e-35 1.0000000180025095e-35 634.00000000000011 178.50000000000003 0.56250000000000033
decision_type=2 2 2 2 2 2
left_child=-1 3 5 -2 -5 -3
right_child=1 2 -4 4 -6 -7
leaf_value=-0.031443431662548836 0.043128943308058346 -0.0084282094421676799 -0.036275384774751666 0.020436280205169938 -0.02309467149514656 0.026613583278897131
leaf_weight=0.75031711906194676 1.744996137917042 0.43621575832366943 1.2252900004386902 0.34835347533226002 0.45286601781845093 0.57194440066814423
leaf_count=5 12 2 10 2 3 4
internal_value=0 0.0100863 -0.0155758 0.0310265 -0.00342266 0.0143094
internal_weight=0 4.77967 2.23345 2.54622 0.801219 1.00816
internal_count=38 33 16 17 5 6
is_linear=0
shrinkage=0.05


Tree=36
num_leaves=7
num_cat=0
split_feature=8 13 1 10 8 4
split_gain=0.779101 1.26337 0.857519 0.566777 0.41987 0.261153
threshold=1.0000000180025095e-35 -1.0000000180025095e-35 1.0000000180025095e-35 634.00000000000011 178.50000000000003 15010.977766286784
decision_type=2 2 2 2 2 2
left_child=-1 3 5 -2 -5 -3
right_child=1 2 -4 4 -6 -7
leaf_value=-0.030955903003310636 0.042440640283994802 0.026361170925027266 -0.035731939088539708 0.020186060446580015 -0.022787448753086453 -0.0084777405357089452
leaf_weight=0.73619275540113438 1.6979856491088869 0.56463345885276806 1.1939285695552826 0.34442988038063038 0.44629667699337006 0.4345276802778244
leaf_count=5 12 4 10 2 3 2
internal_value=0 0.00991385 -0.0152378 0.0304821 -0.00333874 0.0140567
internal_weight=0 4.6818 2.19309 2.48871 0.790727 0.999161
internal_count=38 33 16 17 5 6
is_linear=0
shrinkage=0.05


Tree=37
num_leaves=7
num_cat=0
split_feature=1 13 10 9 3 0
split_gain=0.739152 1.01651 0.945163 0.464342 0.226977 0.181171
threshold=1.0000000180025095e-35 -24629486.488432311 57.000000000000007 4026.0000000000005 -27346.988719016477 0.43750000000000028
decision_type=2 2 2 2 2 2
left_child=3 5 -3 -1 -4 -2
right_child=1 2 4 -5 -6 -7
leaf_value=-0.0096023661864820739 0.029690657774663821 0.020898954537382566 -0.001244017574837619 0.036127263427179868 -0.042011089810696518 -0.0035838752240299251
leaf_weight=0.42055882513523091 0.71054852753877662 0.40544150769710574 0.44780503213405665 1.0900438800454137 1.8706427663564678 0.36357980966567993
leaf_count=2 5 3 3 8 15 2
internal_value=0 -0.0105694 -0.0251705 0.0244229 -0.0363729 0.0215707
internal_weight=0 3.79802 2.72389 1.5106 2.31845 1.07413
internal_count=38 28 21 10 18 7
is_linear=0
shrinkage=0.05


Tree=38
num_leaves=7
num_cat=0
split_feature=8 13 1 9 10 8
split_gain=0.724664 1.1816 0.775754 0.629415 0.517134 0.387568
threshold=1.0000000180025095e-35 -1.0000000180025095e-35 1.0000000180025095e-35 4026.0000000000005 634.00000000000011 178.50000000000003
decision_type=2 2 2 2 2 2
left_child=-1 4 3 -3 -2 -6
right_child=1 2 -4 -5 5 -7
leaf_value=-0.030036057804810719 0.041531494515983723 -0.022338853756095386 -0.034716538967010956 0.030553770185687602 0.019583612481176585 -0.021938697007993915
leaf_weight=0.70707929134368885 1.6308678239583971 0.24706308543682109 1.1353926658630371 0.72676514834165573 0.33483734726905812 0.42800921201705933
leaf_count=5 12 1 10 5 2 3
internal_value=0 0.00983256 -0.0149002 0.0132407 0.0299897 -0.00302389
internal_weight=0 4.50294 2.10922 0.973828 2.39371 0.762847
internal_count=38 33 16 6 17 5
is_linear=0
shrinkage=0.05


Tree=39
num_leaves=7
num_cat=0
split_feature=8 13 1 9 10 8
split_gain=0.692733 1.12755 0.737647 0.610623 0.493693 0.3764
threshold=1.0000000180025095e-35 -1.0000000180025095e-35 1.0000000180025095e-35 4026.0000000000005 634.00000000000011 178.50000000000003
decision_type=2 2 2 2 2 2
left_child=-1 4 3 -3 -2 -6
right_child=1 2 -4 -5 5 -7
leaf_value=-0.029582658024904614 0.040885637496068571 -0.022076246750256011 -0.034206029299843052 0.030087356825308567 0.019350240066507415 -0.0216557199879206
leaf_weight=0.69384663552045811 1.5867628529667857 0.24643525481224071 1.1066408604383469 0.71309842169284821 0.33106854557991017 0.42187339067459106
leaf_count=5 12 1 10 5 2 3
internal_value=0 0.0096144 -0.0147297 0.0128692 0.029478 -0.00295058
internal_weight=0 4.40588 2.06617 0.959534 2.3397 0.752942
internal_count=38 33 16 6 17 5
is_linear=0
shrinkage=0.05


Tree=40
num_leaves=7
num_cat=0
split_feature=8 13 1 9 10 8
split_gain=0.662427 1.07656 0.701652 0.592499 0.471488 0.36564
threshold=1.0000000180025095e-35 -1.0000000180025095e-35 1.0000000180025095e-35 4026.0000000000005 634.00000000000011 178.50000000000003
decision_type=2 2 2 2 2 2
left_child=-1 4 3 -3 -2 -6
right_child=1 2 -4 -5 5 -7
leaf_value=-0.029139912970070139 0.040256076741563063 -0.0218183915883782 -0.033705912443180205 0.029632142744328644 0.019121395526675133 -0.021378552298371083
leaf_weight=0.68088882416486729 1.5438157021999361 0.24575696885585796 1.0787407755851746 0.69970721751451492 0.32734549045562733 0.4158477783203125
leaf_count=5 12 1 10 5 2 3
internal_value=0 0.00940162 -0.014564 0.0125094 0.0289802 -0.0028794
internal_weight=0 4.31121 2.0242 0.945464 2.28701 0.743193
internal_count=38 33 16 6 17 5
is_linear=0
shrinkage=0.05


Tree=41
num_leaves=7
num_cat=0
split_feature=8 13 2 9 10 8
split_gain=0.633654 1.02842 0.66764 0.575015 0.450442 0.355271
threshold=1.0000000180025095e-35 -1.0000000180025095e-35 1.0000000180025095e-35 4026.0000000000005 634.00000000000011 178.50000000000003
decision_type=2 2 2 2 2 2
left_child=-1 4 -3 -4 -2 -6
right_child=1 2 3 -5 5 -7
leaf_value=-0.028707435904248787 0.039641846530958841 -0.0332157989060878 -0.021565184034793908 0.029187701786910172 0.018896954395074293 -0.021107025204608255
leaf_weight=0.66820507496595372 1.5020283013582232 1.0516753047704694 0.24503077566623677 0.68659200519323349 0.32366862893104542 0.40993140637874603
leaf_count=5 12 10 1 5 2 3
internal_value=0 0.00919399 -0.014403 0.0121608 0.0284958 -0.00281029
internal_weight=0 4.21893 1.9833 0.931623 2.23563 0.7336
internal_count=38 33 16 6 17 5
is_linear=0
shrinkage=0.05


Tree=42
num_leaves=7
num_cat=0
split_feature=8 13 1 9 10 8
split_gain=0.606324 0.982944 0.635489 0.558146 0.430479 0.345277
threshold=1.0000000180025095e-35 -1.0000000180025095e-35 1.0000000180025095e-35 4026.0000000000005 634.00000000000011 178.50000000000003
decision_type=2 2 2 2 2 2
left_child=-1 4 3 -3 -2 -6
right_child=1 2 -4 -5 5 -7
leaf_value=-0.028284858695025235 0.039042078179033227 -0.021316519764452365 -0.032735331654482329 0.028753629962647315 0.018676801553546757 -0.020840979842697185
leaf_weight=0.65579404681920994 1.4613975733518603 0.24425911903381337 1.0254263281822202 0.67375246435403824 0.3200382888317107 0.40412323176860809
leaf_count=5 12 1 10 5 2 3
internal_value=0 0.00899135 -0.0142463 0.011823 0.0280241 -0.00274317
internal_weight=0 4.129 1.94344 0.918012 2.18556 0.724162
internal_count=38 33 16 6 17 5
is_linear=0
shrinkage=0.05


Tree=43
num_leaves=7
num_cat=0
split_feature=1 13 10 9 3 0
split_gain=0.551446 0.808223 0.723347 0.405081 0.175307 0.151532
threshold=1.0000000180025095e-35 -24629486.488432311 57.000000000000007 4026.0000000000005 -27346.988719016477 0.43750000000000028
decision_type=2 2 2 2 2 2
left_child=3 5 -3 -1 -4 -2
right_child=1 2 4 -5 -6 -7
leaf_value=-0.0098892426973468464 0.027112671150966966 0.018214280762006953 -0.0011588720458489885 0.033057667852917687 -0.039300743958037759 -0.0037260961448144533
leaf_weight=0.39827111363410928 0.62839571386575688 0.34653550386428911 0.39979380369186479 0.95099630206823349 1.6298646628856652 0.33119717240333557
leaf_count=2 5 3 3 8 15 2
internal_value=0 -0.0101696 -0.0239559 0.0213648 -0.0341356 0.0194886
internal_weight=0 3.33579 2.37619 1.34927 2.02966 0.959593
internal_count=38 28 21 10 18 7
is_linear=0
shrinkage=0.05


Tree=44
num_leaves=7
num_cat=0
split_feature=8 13 1 9 10 8
split_gain=0.564661 0.929456 0.571266 0.528052 0.393827 0.319974
threshold=1.0000000180025095e-35 -1.0000000180025095e-35 1.0000000180025095e-35 4026.0000000000005 634.00000000000011 178.50000000000003
decision_type=2 2 2 2 2 2
left_child=-1 4 3 -3 -2 -6
right_child=1 2 -4 -5 5 -7
leaf_value=-0.027478202463098317 0.038254066102360665 -0.020959529176801443 -0.031829257192409859 0.027846274101026636 0.018150124085492676 -0.020093944633450378
leaf_weight=0.63028122484683979 1.404851213097573 0.24304905533790588 0.97625430673360802 0.64685297757387161 0.31126275658607472 0.38776786625385284
leaf_count=5 12 1 10 5 2 3
internal_value=0 0.00888642 -0.0140888 0.011013 0.0276216 -0.00246777
internal_weight=0 3.97004 1.86616 0.889902 2.10388 0.699031
internal_count=38 33 16 6 17 5
is_linear=0
shrinkage=0.05


Tree=45
num_leaves=8
num_cat=0
split_feature=8 13 1 9 3 8 7
split_gain=0.540775 0.889535 0.544256 0.51283 0.107683 0.221061 0.0565122
threshold=1.0000000180025095e-35 -1.0000000180025095e-35 1.0000000180025095e-35 4026.0000000000005 17290.99162621687 178.50000000000003 40.500000000000007
decision_type=2 2 2 2 2 2 2
left_child=-1 4 3 -3 6 -6 -2
right_child=1 2 -4 -5 5 -7 -8
leaf_value=-0.027083123228156536 0.003314684301713452 -0.020721647376119041 -0.031375263967081173 0.027442682521091468 0.017944003725060675 -0.014929646306929098 0.035789135957817998
leaf_weight=0.6187310218811034 0.32349835336208421 0.24217528104782104 0.95231776684522607 0.63487707823514938 0.30779534578323353 0.25538085401058197 1.1705493107438085
leaf_count=5 3 1 10 5 2 2 10
internal_value=0 0.00869083 -0.0139421 0.0107077 0.0271741 0.0030054 0.0322254
internal_weight=0 3.88659 1.82937 0.877052 2.05722 0.563176 1.49405
internal_count=38 33 16 6 17 4 13
is_linear=0
shrinkage=0.05


Tree=46
num_leaves=7
num_cat=0
split_feature=8 13 1 9 10 8
split_gain=0.519266 0.852644 0.518691 0.498133 0.367961 0.305231
threshold=1.0000000180025095e-35 -1.0000000180025095e-35 1.0000000180025095e-35 4026.0000000000005 634.00000000000011 178.50000000000003
decision_type=2 2 2 2 2 2
left_child=-1 4 3 -3 -2 -6
right_child=1 2 -4 -5 5 -7
leaf_value=-0.026696687356988099 0.037218534139861412 -0.020487964023553722 -0.030929778927316132 0.027048036308313168 0.01774169322864037 -0.01974028480179868
leaf_weight=0.60744107514619816 1.3371282964944846 0.24126404523849487 0.92911994457244851 0.62316877394914627 0.30437496304512013 0.38000793009996414
leaf_count=5 12 1 10 5 2 3
internal_value=0 0.00853264 -0.0137991 0.0104119 0.0267279 -0.00249303
internal_weight=0 3.81506 1.79355 0.864433 2.02151 0.684383
internal_count=38 33 16 6 17 5
is_linear=0
shrinkage=0.05


Tree=47
num_leaves=7
num_cat=0
split_feature=8 13 1 9 10 8
split_gain=0.49758 0.816771 0.494486 0.483942 0.35214 0.297007
threshold=1.0000000180025095e-35 -1.0000000180025095e-35 1.0000000180025095e-35 4026.0000000000005 634.00000000000011 178.50000000000003
decision_type=2 2 2 2 2 2
left_child=-1 4 3 -3 -2 -6
right_child=1 2 -4 -5 5 -7
leaf_value=-0.026318620165920632 0.036671196793906284 -0.020258388665835014 -0.030492562390192934 0.026662043303252621 0.017543098698625244 -0.019501186943715523
leaf_weight=0.59640779346227635 1.3013312667608263 0.24031749367713928 0.90664078295230843 0.61172483116388321 0.30100148916244496 0.37475820630788803
leaf_count=5 12 1 10 5 2 3
internal_value=0 0.00834463 -0.0136596 0.0101251 0.0263012 -0.00243517
internal_weight=0 3.73577 1.75868 0.852042 1.97709 0.67576
internal_count=38 33 16 6 17 5
is_linear=0
shrinkage=0.05


Tree=48
num_leaves=7
num_cat=0
split_feature=8 13 1 12 10 8
split_gain=0.476944 0.782783 0.47156 0.470237 0.337093 0.289067
threshold=1.0000000180025095e-35 -1.0000000180025095e-35 1.0000000180025095e-35 1686.5000000000002 634.00000000000011 178.50000000000003
decision_type=2 2 2 2 2 2
left_child=-1 4 3 -3 -2 -6
right_child=1 2 -4 -5 5 -7
leaf_value=-0.025948665078602769 0.036134993099772431 -0.020032828581193388 -0.030063393377159561 0.026284424735911617 0.017348123929350642 -0.019266695122698321
leaf_weight=0.58562732487916935 1.2666168436408045 0.23933771252632141 0.88486006855964638 0.60054180026054382 0.29767480492591847 0.36960793286561966
leaf_count=5 12 1 10 5 2 3
internal_value=0 0.00816097 -0.0135235 0.00984709 0.0258846 -0.00237893
internal_weight=0 3.65864 1.72474 0.83988 1.9339 0.667283
internal_count=38 33 16 6 17 5
is_linear=0
shrinkage=0.05


Tree=49
num_leaves=7
num_cat=0
split_feature=8 13 1 9 10 8
split_gain=0.4573 0.750566 0.44984 0.457 0.322776 0.281401
threshold=1.0000000180025095e-35 -1.0000000180025095e-35 1.0000000180025095e-35 4026.0000000000005 634.00000000000011 178.50000000000003
decision_type=2 2 2 2 2 2
left_child=-1 4 3 -3 -2 -6
right_child=1 2 -4 -5 5 -7
leaf_value=-0.025586573191763298 0.035609453799647021 -0.019811193105978217 -0.029642067899441266 0.025914920412832401 0.017156681387213747 -0.01903669070602701
leaf_weight=0.57509560137987126 1.2329646348953249 0.23832672834396362 0.86375765502452828 0.5896158292889595 0.29439473152160633 0.36455553770065308
leaf_count=5 12 1 10 5 2 3
internal_value=0 0.00798155 -0.0133905 0.00957752 0.0254779 -0.00232426
internal_weight=0 3.58362 1.6917 0.827943 1.89191 0.65895
internal_count=38 33 16 6 17 5
is_linear=0
shrinkage=0.05


Tree=50
num_leaves=7
num_cat=0
split_feature=8 13 1 9 10 8
split_gain=0.438595 0.720012 0.429256 0.444213 0.309149 0.273996
threshold=1.0000000180025095e-35 -1.0000000180025095e-35 1.0000000180025095e-35 4026.0000000000005 634.00000000000011 178.50000000000003
decision_type=2 2 2 2 2 2
left_child=-1 4 3 -3 -2 -6
right_child=1 2 -4 -5 5 -7
leaf_value=-0.025232113217118851 0.035094150943381495 -0.019593395271237941 -0.029228393365554214 0.025553281455058738 0.016968682317202166 -0.018811057625089167
leaf_weight=0.56480834633111943 1.2003526538610461 0.23728649318218231 0.8433134928345678 0.57894287258386612 0.29116103053092945 0.35959942638874054
leaf_count=5 12 1 10 5 2 3
internal_value=0 0.00780624 -0.0132607 0.00931612 0.0250807 -0.0022711
internal_weight=0 3.51066 1.65954 0.816229 1.85111 0.65076
internal_count=38 33 16 6 17 5
is_linear=0
shrinkage=0.05


Tree=51
num_leaves=7
num_cat=0
split_feature=5 10 5 8 12 13
split_gain=0.425917 0.832371 0.497031 0.393004 0.244123 0.126723
threshold=3115.5000000000005 307.00000000000006 12930.000000000002 104.50000000000001 2948.0000000000005 1.0000000180025095e-35
decision_type=2 2 2 2 2 2
left_child=1 3 -2 -1 -3 -6
right_child=2 4 -4 -5 5 -7
leaf_value=-0.013952436706765554 0.031813780537952661 -0.03674778116766627 -0.015966059600389163 0.029291152805717671 0.010979395389765901 -0.013405026728226266
leaf_weight=0.25360859185457296 0.9011859595775602 1.1060900017619131 0.26554588973522186 0.82369504123926163 0.40197648853063572 0.24237358570098877
leaf_count=3 8 10 2 9 3 3
internal_value=0 -0.010276 0.0189347 0.0175498 -0.0275384 -0.000451571
internal_weight=0 2.82774 1.16673 1.0773 1.75044 0.64435
internal_count=38 28 10 12 16 6
is_linear=0
shrinkage=0.05


end of trees

feature_importances:
ClothesWasher_midnight=57
edu_0=49
RiceCooker_midnight=49
day_sin_*_AirConditioner_daytime=49
age=29
Microwave_daytime=25
AirConditioner_daytime=16
day_sin=13
day_cos=8
TV_daytime=7
IH_daytime=5
ClothesWasher_daytime=3
edu_1=2
AirConditioner_midnight=2
day_sin_*_Microwave_daytime=1

parameters:
[boosting: gbdt]
[objective: binary]
[metric: roc_auc]
[tree_learner: serial]
[device_type: cpu]
[data_sample_strategy: bagging]
[data: ]
[valid: ]
[num_iterations: 10000]
[learning_rate: 0.05]
[num_leaves: 23]
[num_threads: 0]
[seed: 0]
[deterministic: 0]
[force_col_wise: 0]
[force_row_wise: 0]
[histogram_pool_size: -1]
[max_depth: -1]
[min_data_in_leaf: 2]
[min_sum_hessian_in_leaf: 0.001]
[bagging_fraction: 0.977932]
[pos_bagging_fraction: 1]
[neg_bagging_fraction: 1]
[bagging_freq: 2]
[bagging_seed: 3]
[feature_fraction: 0.944654]
[feature_fraction_bynode: 1]
[feature_fraction_seed: 2]
[extra_trees: 0]
[extra_seed: 6]
[early_stopping_round: 0]
[early_stopping_min_delta: 0]
[first_metric_only: 0]
[max_delta_step: 0]
[lambda_l1: 0.000489734]
[lambda_l2: 0.749669]
[linear_lambda: 0]
[min_gain_to_split: 0]
[drop_rate: 0.1]
[max_drop: 50]
[skip_drop: 0.5]
[xgboost_dart_mode: 0]
[uniform_drop: 0]
[drop_seed: 4]
[top_rate: 0.2]
[other_rate: 0.1]
[min_data_per_group: 100]
[max_cat_threshold: 32]
[cat_l2: 10]
[cat_smooth: 10]
[max_cat_to_onehot: 4]
[top_k: 20]
[monotone_constraints: ]
[monotone_constraints_method: basic]
[monotone_penalty: 0]
[feature_contri: ]
[forcedsplits_filename: ]
[refit_decay_rate: 0.9]
[cegb_tradeoff: 1]
[cegb_penalty_split: 0]
[cegb_penalty_feature_lazy: ]
[cegb_penalty_feature_coupled: ]
[path_smooth: 0]
[interaction_constraints: ]
[verbosity: -1]
[saved_feature_importance_type: 0]
[use_quantized_grad: 0]
[num_grad_quant_bins: 4]
[quant_train_renew_leaf: 0]
[stochastic_rounding: 1]
[linear_tree: 0]
[max_bin: 255]
[max_bin_by_feature: ]
[min_data_in_bin: 3]
[bin_construct_sample_cnt: 200000]
[data_random_seed: 1]
[is_enable_sparse: 1]
[enable_bundle: 1]
[use_missing: 1]
[zero_as_missing: 0]
[feature_pre_filter: 1]
[pre_partition: 0]
[two_round: 0]
[header: 0]
[label_column: ]
[weight_column: ]
[group_column: ]
[ignore_column: ]
[categorical_feature: ]
[forcedbins_filename: ]
[precise_float_parser: 0]
[parser_config_file: ]
[objective_seed: 5]
[num_class: 1]
[is_unbalance: 0]
[scale_pos_weight: 1]
[sigmoid: 1]
[boost_from_average: 1]
[reg_sqrt: 0]
[alpha: 0.9]
[fair_c: 1]
[poisson_max_delta_step: 0.7]
[tweedie_variance_power: 1.5]
[lambdarank_truncation_level: 30]
[lambdarank_norm: 1]
[label_gain: ]
[lambdarank_position_bias_regularization: 0]
[eval_at: ]
[multi_error_top_k: 1]
[auc_mu_weights: ]
[num_machines: 1]
[local_listen_port: 12400]
[time_out: 120]
[machine_list_filename: ]
[machines: ]
[gpu_platform_id: -1]
[gpu_device_id: -1]
[gpu_use_dp: 0]
[num_gpu: 1]

end of parameters

pandas_categorical:null
