tree
version=v4
num_class=1
num_tree_per_iteration=1
label_index=0
max_feature_idx=14
objective=binary sigmoid:1
feature_names=age edu_0 edu_1 day_cos day_sin AirConditioner_daytime AirConditioner_midnight ClothesWasher_daytime ClothesWasher_midnight Microwave_daytime RiceCooker_midnight TV_daytime IH_daytime day_sin_*_AirConditioner_daytime day_sin_*_Microwave_daytime
feature_infos=[0:1] [0:1] [0:1] [-25284.208570088718:28275.259223743589] [-28033.352039369551:26143.274667659822] [0:14569] [0:3225] [31:759] [0:824] [960:19123] [153:7474] [0:5745] [104:7456] [-264577661.5982835:282141619.46977478] [-425556360.09612447:262193070.04054695]
tree_sizes=535 543 543 1465 1043 1048 1055 1054 961 1151 848 1368 856 1068 855 953 952 846 747

Tree=0
num_leaves=4
num_cat=0
split_feature=11 5 3
split_gain=6.20252 6.57544 5.69049
threshold=1102.5000000000002 2811.0000000000005 10342.814832777125
decision_type=2 2 2
left_child=1 2 -1
right_child=-2 -3 -4
leaf_value=0.099605384705621178 -0.099868429085659224 0.099868429085659224 -0.099842118801603111
leaf_weight=0.50000000000000033 1.4999999999999998 1.4999999999999998 1.2499999999999998
leaf_count=2 6 6 5
internal_value=0 0.0230206 -0.0427504
internal_weight=0 3.25 1.75
internal_count=19 13 7
is_linear=0
shrinkage=0.05


Tree=1
num_leaves=4
num_cat=0
split_feature=1 12 3
split_gain=7.85994 5.61019 3.2411
threshold=1.0000000180025095e-35 758.00000000000011 -17846.407195134092
decision_type=2 2 2
left_child=1 -1 -2
right_child=2 -3 -4
leaf_value=-0.094854581381668426 0.094472353143173093 0.095136966488764463 -0.095160806111883378
leaf_weight=0.49875569343566928 0.24938094615936313 1.7456470429897306 2.2444004565477371
leaf_count=2 1 7 9
internal_value=0 0.0528326 -0.07612
internal_weight=0 2.2444 2.49378
internal_count=19 9 10
is_linear=0
shrinkage=0.05


Tree=2
num_leaves=4
num_cat=0
split_feature=14 9 3
split_gain=7.14567 5.10005 2.94732
threshold=-38568557.887392029 13111.500000000002 10342.814832777125
decision_type=2 2 2
left_child=1 -1 -2
right_child=2 -3 -4
leaf_value=0.091030150402763702 0.090389901789274377 -0.090746004984120332 -0.091055993117868606
leaf_weight=1.7334743291139605 0.24766056239604983 0.49527606368064869 2.2287566959857941
leaf_count=7 1 2 9
internal_value=0 0.0505512 -0.0728324
internal_weight=0 2.22875 2.47642
internal_count=19 9 10
is_linear=0
shrinkage=0.05


Tree=3
num_leaves=13
num_cat=0
split_feature=0 3 4 3 0 0 3 4 3 8 3 3
split_gain=4.54835 3.5003 3.04242 2.55086 1.75413 0.719697 1.80533 0.470792 2.55324 0.0112079 0.00898232 0.000683778
threshold=0.31250000000000028 28266.879412461571 -18884.780198487053 26615.991164469418 0.52083333333333359 0.60416666666666685 1.0000000180025095e-35 21044.993689710136 17290.991626214411 171.50000000000003 20715.296603445331 17290.991626214411
decision_type=2 2 2 2 2 2 2 2 2 2 2 2
left_child=1 10 4 7 11 -6 -7 9 -9 -4 -1 -2
right_child=2 -3 3 -5 5 6 -8 8 -10 -11 -12 -13
leaf_value=-0.10421459700476077 -0.10422904875587427 0.1157408561990808 0.09836748090732686 -0.086764149267785473 0.094674892906560268 0.086775926889036833 -0.10417944000340194 0.11033723744467044 -0.086765141339237406 0.087456466343429518 -0.087363997127833423 -0.086776809913557088
leaf_weight=0.24943114817142464 0.24942801892757394 0.24495460093021382 0.74828241765499237 0.2449536770582198 0.24943511188030243 0.24496455490589142 0.24943874776363373 0.49438141286373127 0.24495460093021393 1.7147422581911085 0.97982627153396606 0.24496537446975708
leaf_count=1 1 1 3 1 1 1 1 2 1 7 4 1
internal_value=0 -0.0564697 0.0441911 0.06835 -0.0229245 0.0254027 -0.00920711 0.0802751 0.0447866 0.0908511 -0.0909439 -0.0959791
internal_weight=0 1.47421 4.68555 3.44731 1.23823 0.743838 0.494403 3.20236 0.739336 2.46302 1.22926 0.494393
internal_count=25 6 19 14 5 3 2 13 3 10 5 2
is_linear=0
shrinkage=0.05


Tree=4
num_leaves=9
num_cat=0
split_feature=2 7 14 7 8 9 11 14
split_gain=8.36756 5.4316 1.25948 1.35309 1.01755 1.64275 0.0283162 0.00609116
threshold=1.0000000180025095e-35 112.50000000000001 202457783.49011457 271.50000000000006 140.00000000000003 9430.0000000000018 22.000000000000004 -80925505.440518007
decision_type=2 2 2 2 2 2 2 2
left_child=1 -1 6 -4 5 -2 -3 -6
right_child=4 2 3 -5 7 -7 -8 -9
leaf_value=0.10904435218676888 -0.083624483194626523 -0.099296014668479704 -0.08363459599746248 0.083665709493610921 0.084305920862046912 0.099082319993985035 -0.084267237710453677 0.093062881825771174
leaf_weight=0.49627514183521304 0.24149696528911624 0.74998527765274081 0.24151000380516041 0.241550013422966 1.690403744578362 0.24999958276748657 1.2074785977602003 0.99306602776050534
leaf_count=2 1 3 1 1 7 1 5 4
internal_value=0 -0.0415761 -0.0722837 0 0.0754983 0.00894783 -0.0901256 0.0876194
internal_weight=0 2.9368 2.44052 0.48306 3.17497 0.491497 1.95746 2.68347
internal_count=25 12 10 2 13 2 8 11
is_linear=0
shrinkage=0.05


Tree=5
num_leaves=9
num_cat=0
split_feature=1 10 13 10 12 8 13 12
split_gain=7.65486 2.43704 2.22963 2.68553 1.14677 1.24257 0.00972017 0.00655503
threshold=1.0000000180025095e-35 303.00000000000006 78323308.394489035 5622.5000000000009 5648.5000000000009 171.50000000000003 -32525703.700485025 1436.5000000000002
decision_type=2 2 2 2 2 2 2 2
left_child=1 -1 3 4 7 -6 -3 -2
right_child=2 6 -4 -5 5 -7 -8 -9
leaf_value=-0.080850728723953158 -0.091490552891471955 0.081521293133467163 0.10265656227736708 0.10236747458325596 -0.080819709464742692 0.080887394708372307 0.090429066096335387 -0.081449350833792553
leaf_weight=0.23740200698375735 0.9851929396390926 1.661469697952271 0.24972212314605702 0.24976548552513111 0.23734997212886799 0.23746329545974731 1.2335259318351741 0.94951623678207397
leaf_count=1 4 7 1 1 1 1 5 4
internal_value=0 0.0727242 -0.0398941 -0.0533539 -0.0695765 0 0.0853841 -0.0866632
internal_weight=0 3.1324 2.90901 2.65929 2.40952 0.474813 2.895 1.93471
internal_count=25 13 12 11 10 2 12 8
is_linear=0
shrinkage=0.05


Tree=6
num_leaves=9
num_cat=0
split_feature=2 5 6 5 8 8 6 12
split_gain=7.50482 2.93381 2.69963 1.04196 1.24568 0.0487216 0.00769174 4.81325e-05
threshold=1.0000000180025095e-35 10600.000000000002 1475.5000000000002 321.00000000000006 524.50000000000011 158.50000000000003 594.00000000000011 1966.0000000000002
decision_type=2 2 2 2 2 2 2 2
left_child=1 7 3 4 -2 6 -5 -1
right_child=2 -3 -4 5 -6 -7 -8 -9
leaf_value=-0.087341334989609137 -0.078376915447891007 0.097446400236052319 -0.099228072059783234 0.10909287402256812 0.083617889835856815 0.079796932807850871 0.090743605776597999 -0.078902962307825883
leaf_weight=1.2171052843332293 0.23277290165424425 0.24991923570632923 0.24999999999999989 0.24797293543815646 0.24148847162723541 1.6373554021120069 0.49527192115783691 0.69814534485340107
leaf_count=5 1 1 1 1 1 7 2 3
internal_value=0 -0.0632914 0.057972 0.0718062 0.00373245 0.0852913 0.0971318 -0.0843667
internal_weight=0 2.16517 3.10486 2.85486 0.474261 2.3806 0.743245 1.91525
internal_count=22 9 13 12 2 10 3 8
is_linear=0
shrinkage=0.05


Tree=7
num_leaves=9
num_cat=0
split_feature=2 3 10 8 3 8 10 3
split_gain=6.88752 2.47102 2.11358 1.08409 1.5965 0.0334029 0.00251345 0.000772841
threshold=1.0000000180025095e-35 27878.857449270996 303.00000000000006 140.00000000000003 13634.94482812263 158.50000000000003 474.50000000000006 17290.991626214411
decision_type=2 2 2 2 2 2 2 2
left_child=3 2 -2 4 -1 6 -4 -5
right_child=1 -3 5 7 -6 -7 -8 -9
leaf_value=-0.086744056656803833 -0.076158451308537947 -0.094504850860534714 0.10291256163387935 -0.085523803772413878 0.092967969549762552 0.078040237717479033 0.087171952565245847 -0.076630728728966493
leaf_weight=0.24493508040905032 0.22770915925502855 0.24938982725143422 0.2496808618307117 0.72817243635654427 0.24889108538627625 1.8397898972034452 0.48992455005645752 0.90916132926940918
leaf_count=1 1 1 1 3 1 8 2 4
internal_value=0 0.0559719 0.0694097 -0.0611169 0.00347063 0.0823343 0.092752 -0.0807042
internal_weight=0 3.05649 2.8071 2.13116 0.493826 2.5794 0.739605 1.63733
internal_count=22 13 12 9 2 11 3 7
is_linear=0
shrinkage=0.05


Tree=8
num_leaves=8
num_cat=0
split_feature=2 0 0 9 6 3 3
split_gain=6.33938 4.21708 2.47341 0.0078984 0.00455349 0.00125242 2.13779e-05
threshold=1.0000000180025095e-35 0.31250000000000028 0.87500000000000033 1070.0000000000002 1.0000000180025095e-35 17290.991626214411 27878.857449270996
decision_type=2 2 2 2 2 2 2
left_child=2 6 5 4 -3 -1 -2
right_child=1 3 -4 -5 -6 -7 -8
leaf_value=-0.083053684001660522 -0.074159133120462545 0.0784542282470784 0.08907977438739545 0.077554132589020358 0.097665200081168163 -0.074645787470250899 -0.090418161869871991
leaf_weight=0.95809175074100517 0.22229772806167636 0.23293305933475528 0.24682451784610737 2.047523707151413 0.24993829429149628 0.88723036646842957 0.24767695367336273
leaf_count=4 1 1 1 9 1 4 1
internal_value=0 0.0541951 -0.0591812 0.0797775 0.0888019 -0.079116 -0.0831403
internal_weight=0 3.00037 2.09215 2.5304 0.482871 1.84532 0.469975
internal_count=22 13 9 11 2 8 2
is_linear=0
shrinkage=0.05


Tree=9
num_leaves=10
num_cat=0
split_feature=1 9 0 0 9 0 5 5 5
split_gain=2.42808 2.36463 2.2499 1.84763 1.56647 1.53376 0.826426 1.39519 0.010041
threshold=1.0000000180025095e-35 8821.0000000000018 0.52083333333333359 0.87500000000000033 16301.500000000002 0.37500000000000028 4679.5000000000009 10600.000000000002 10600.000000000002
decision_type=2 2 2 2 2 2 2 2 2
left_child=1 2 8 4 -2 -6 -4 -8 -1
right_child=3 -3 6 -5 5 -7 7 -9 -10
leaf_value=-0.094936695033484564 -0.077066305180481798 0.076604207098364213 0.074688704465473987 0.085674691648459325 0.10960344249925463 -0.072299001647831734 -0.10111645963726595 0.072151714337972447 -0.11794177718470972
leaf_weight=0.24950115382671378 2.0411852300167093 1.12329526245594 0.44390274584293365 0.24388252198696125 0.24777865409851063 0.21644531190395355 0.24991244077682495 0.21594536304473877 0.24375882744789124
leaf_count=1 9 5 2 1 1 1 1 1 1
internal_value=0 0.0225143 -0.0206684 -0.0453599 -0.0581919 0.0244109 0.0257967 -0.0204186 -0.106708
internal_weight=0 2.52632 1.40302 2.74929 2.50541 0.464224 0.909761 0.465858 0.49326
internal_count=23 11 6 12 11 2 4 2 2
is_linear=0
shrinkage=0.05


Tree=10
num_leaves=7
num_cat=0
split_feature=1 3 3 13 4 8
split_gain=2.24101 3.91834 2.4003 2.15602 0.973695 1.38145
threshold=1.0000000180025095e-35 26615.991164469418 28266.879412461571 78323308.394489035 21044.993689710136 140.00000000000003
decision_type=2 2 2 2 2 2
left_child=1 4 3 -2 -1 -6
right_child=2 -3 -4 -5 5 -7
leaf_value=0.073078103699948369 -0.074727422899557513 -0.10358457969542717 0.10334305962043377 0.082670081263221229 -0.090793462016238793 0.078596760904240878
leaf_weight=1.505105182528496 2.2027248442173013 0.49724517762660969 0.24960558116435994 0.24020747840404499 0.24788825213909138 0.23322555422782898
leaf_count=7 10 2 1 1 1 1
internal_value=0 0.0217908 -0.0440345 -0.0591726 0.053275 -0.00830931
internal_weight=0 2.48346 2.69254 2.44293 1.98622 0.481114
internal_count=23 11 12 11 9 2
is_linear=0
shrinkage=0.05


Tree=11
num_leaves=12
num_cat=0
split_feature=7 8 11 8 0 0 0 8 7 10 0
split_gain=6.18722 1.92878 1.47591 1.08603 0.396114 0.813633 0.0307797 0.0286903 0.0235723 0.0075177 0.00569453
threshold=142.50000000000003 245.50000000000003 1699.5000000000002 524.50000000000011 0.60416666666666685 0.52083333333333359 0.37500000000000028 106.50000000000001 527.50000000000011 592.00000000000011 0.52083333333333359
decision_type=2 2 2 2 2 2 2 2 2 2 2
left_child=6 7 3 -3 5 -5 -1 8 -2 -9 -4
right_child=1 2 10 4 -6 -7 -8 9 -10 -11 -12
leaf_value=0.09803290710250101 -0.076370558602701977 0.069524352285172217 -0.071736564576050627 -0.067633252370222122 -0.07638062540610141 0.072469571163204377 0.075169319832958131 -0.087178830543157171 -0.10430657106984507 -0.07214750029058313 -0.091509892753534577
leaf_weight=0.24996441602706898 0.22823415696620974 0.61011448502540566 0.21450591087341297 0.19762976467609406 0.22825883328914642 0.21701732277870178 1.1004746407270429 0.24532805383205403 0.24941107630729675 1.2764414101839063 0.24825944006443024
leaf_count=1 1 3 1 1 1 1 5 1 1 6 1
internal_value=0 -0.045399 -0.00639376 0.0216763 -0.0234601 0.005262 0.0795466 -0.0787781 -0.0913669 -0.0746986 -0.0827631
internal_weight=0 3.7152 1.71579 1.25302 0.642906 0.414647 1.35044 1.99941 0.477645 1.52177 0.462765
internal_count=23 17 8 6 3 2 6 9 2 7 2
is_linear=0
shrinkage=0.05


Tree=12
num_leaves=7
num_cat=0
split_feature=9 1 0 10 1 9
split_gain=3.67006 2.13111 2.45412 2.21583 0.00546353 0.00425594
threshold=7078.0000000000009 1.0000000180025095e-35 0.4791666666666668 5622.5000000000009 1.0000000180025095e-35 11856.500000000002
decision_type=2 2 2 2 2 2
left_child=4 -2 3 -3 -1 -4
right_child=1 2 5 -5 -6 -7
leaf_value=-0.086317266933636616 0.070501473839234802 -0.069945892286150307 0.077755127212917774 0.093474517014913217 -0.073903209367544423 0.096772698131307344
leaf_weight=0.48783290386199929 1.4319598376750946 1.2164259105920789 0.23144625127315532 0.24907366931438435 0.6577770859003067 0.24984365701675415
leaf_count=2 7 6 1 1 3 1
internal_value=0 0.0241896 -0.00978673 -0.0420409 -0.0793587 0.0880323
internal_weight=0 3.37875 1.94679 1.4655 1.14561 0.48129
internal_count=21 16 9 7 5 2
is_linear=0
shrinkage=0.05


Tree=13
num_leaves=9
num_cat=0
split_feature=11 11 13 6 5 1 1 1
split_gain=1.37423 1.62304 2.81963 1.13701 0.91062 1.76662 0.0312821 0.0137824
threshold=1.0000000180025095e-35 1102.5000000000002 78323308.394489035 874.00000000000011 47.000000000000007 1.0000000180025095e-35 1.0000000180025095e-35 1.0000000180025095e-35
decision_type=2 2 2 2 2 2 2 2
left_child=-1 3 7 6 -5 -6 -2 -3
right_child=1 2 -4 4 5 -7 -8 -9
leaf_value=-0.070993857987735082 0.068730685950043988 -0.083279786840130349 0.074708989098832251 0.089521362650688011 0.066696390539612987 -0.070235512599351943 0.092385356171852853 -0.067918913594700037
leaf_weight=0.61968976259231556 0.78962351381778784 0.48053328692913033 0.44472727179527272 0.2471233010292051 0.38086462020874023 0.61436490714550018 0.24865798652172089 0.58558298647403717
leaf_count=3 4 2 2 1 2 3 1 3
internal_value=0 0.00930022 -0.0308266 0.0359617 0.00353374 -0.0176507 0.0745834 -0.0750236
internal_weight=0 3.79148 1.51084 2.28063 1.24235 0.99523 1.03828 1.06612
internal_count=21 18 7 11 6 5 5 5
is_linear=0
shrinkage=0.05


Tree=14
num_leaves=7
num_cat=0
split_feature=7 9 6 4 6 14
split_gain=4.04616 2.30048 2.60156 0.024689 0.00886917 0.00200253
threshold=142.50000000000003 8821.0000000000018 1334.5000000000002 -1.0000000180025095e-35 2217.5000000000005 123023030.88765095
decision_type=2 2 2 2 2 2
left_child=4 5 3 -3 -1 -2
right_child=1 2 -4 -5 -6 -7
leaf_value=0.070223252291272409 -0.075614272933050619 0.065755262867304459 -0.066806783672806305 0.088571292519769709 0.086062796578379258 -0.066349219692669506
leaf_weight=1.0136930197477338 1.1076791882514956 0.55274690687656403 0.56857551634311676 0.24645830690860726 0.24427898228168476 0.55999282002449025
leaf_count=5 5 3 3 1 1 3
internal_value=0 -0.0331828 0.0147713 0.0730339 0.0734534 -0.0726181
internal_weight=0 3.03545 1.36778 0.799205 1.25797 1.66767
internal_count=21 15 7 4 6 8
is_linear=0
shrinkage=0.05


Tree=15
num_leaves=8
num_cat=0
split_feature=11 4 0 5 4 10 1
split_gain=4.80416 2.41689 2.15614 0.661814 0.0616472 0.0238636 0.012891
threshold=1102.5000000000002 23629.879996166452 0.31250000000000028 47.000000000000007 -1.0000000180025095e-35 474.50000000000006 1.0000000180025095e-35
decision_type=2 2 2 2 2 2 2
left_child=1 2 -1 -4 -5 -6 -2
right_child=6 -3 3 4 5 -7 -8
leaf_value=-0.076791174389387526 -0.080444273892680385 -0.067144324310273576 0.1699782848152778 0.066752851296152188 0.10242411839410576 0.078461450614681905 -0.066158730184505701
leaf_weight=0.22924885153770569 0.47188758850097634 0.38556435704231251 0.2069048881530765 1.121104136109353 0.249757260084151 0.44947914779186249 0.74133723974227905
leaf_count=1 2 2 1 6 1 2 4
internal_value=0 0.0482889 0.068096 0.0845741 0.0747523 0.0873012 -0.071874
internal_weight=0 2.64206 2.25649 2.02725 1.82034 0.699236 1.21322
internal_count=19 13 11 10 9 3 6
is_linear=0
shrinkage=0.05


Tree=16
num_leaves=8
num_cat=0
split_feature=4 4 4 8 2 4 2
split_gain=2.30101 2.31147 2.18905 1.84626 0.524323 0.0160492 0.00843621
threshold=-9543.5474799720414 16028.38861914832 23629.879996166452 158.50000000000003 1.0000000180025095e-35 21044.993689710136 1.0000000180025095e-35
decision_type=2 2 2 2 2 2 2
left_child=3 6 5 -1 -5 -3 -2
right_child=1 2 -4 4 -6 -7 -8
leaf_value=-0.074730308480828567 -0.065101663857536032 0.090421928431805951 -0.065982695100389885 0.15114402515468514 0.065662495066355506 0.067958317507755273 -0.078052280228784895
leaf_weight=0.22393202781677279 0.71634246408939384 0.48986358940601327 0.37305513024330139 0.2206807583570477 1.0836863666772842 0.19915737211704254 0.46227964758872986
leaf_count=1 4 2 2 1 6 1 2
internal_value=0 -0.0220952 0.031283 0.0574451 0.0802813 0.0842085 -0.0703444
internal_weight=0 2.2407 1.06208 1.5283 1.30437 0.689021 1.17862
internal_count=19 11 5 8 7 3 6
is_linear=0
shrinkage=0.05


Tree=17
num_leaves=7
num_cat=0
split_feature=11 7 7 5 5 13
split_gain=4.12655 1.59576 2.3623 0.274334 0.0459112 0.0049699
threshold=1102.5000000000002 205.00000000000003 142.50000000000003 47.000000000000007 2811.0000000000005 7277768.8698883159
decision_type=2 2 2 2 2 2
left_child=1 2 -1 -3 -5 -2
right_child=5 3 -4 4 -6 -7
leaf_value=0.066407630621417538 -0.075906244741226675 0.13687856975576704 -0.068243553604133991 0.086943861831250718 0.062822247461981548 -0.064126053993975071
leaf_weight=0.74357394874095983 0.4518507272005079 0.23121602833271004 0.57888838648796082 0.48413527011871338 0.49585416913032532 0.6915111243724823
leaf_count=4 2 1 3 2 3 4
internal_value=0 0.0454548 0.00732953 0.086927 0.0749355 -0.0689495
internal_weight=0 2.53367 1.32246 1.21121 0.979989 1.14336
internal_count=19 13 7 6 5 6
is_linear=0
shrinkage=0.05


Tree=18
num_leaves=6
num_cat=0
split_feature=3 0 6 0 8
split_gain=3.90471 1.85981 2.38562 0.0480877 0.0249522
threshold=26615.991164469418 0.31250000000000028 1475.5000000000002 0.22916666666666677 140.00000000000003
decision_type=2 2 2 2 2
left_child=1 -1 4 -2 -3
right_child=3 2 -4 -5 -6
leaf_value=-0.06670240171295555 -0.097465239147852739 0.081248749044933968 -0.065563817740682886 -0.069412092604911144 0.067586404207138309
leaf_weight=0.37525610625743944 0.2499209791421888 0.70107853412628252 0.36625348031520832 0.77088238298892975 1.494361028075218
leaf_count=2 1 3 2 4 8
internal_value=0 0.0370228 0.0522908 -0.0764719 0.0720372
internal_weight=0 2.93695 2.56169 1.0208 2.19544
internal_count=20 15 13 5 11
is_linear=0
shrinkage=0.05


end of trees

feature_importances:
day_cos=17
age=16
ClothesWasher_midnight=13
edu_0=10
day_sin=10
AirConditioner_daytime=10
Microwave_daytime=8
AirConditioner_midnight=7
ClothesWasher_daytime=7
RiceCooker_midnight=7
TV_daytime=7
edu_1=6
day_sin_*_AirConditioner_daytime=5
IH_daytime=4
day_sin_*_Microwave_daytime=4

parameters:
[boosting: gbdt]
[objective: binary]
[metric: roc_auc]
[tree_learner: serial]
[device_type: cpu]
[data_sample_strategy: bagging]
[data: ]
[valid: ]
[num_iterations: 10000]
[learning_rate: 0.05]
[num_leaves: 13]
[num_threads: 0]
[seed: 0]
[deterministic: 0]
[force_col_wise: 0]
[force_row_wise: 0]
[histogram_pool_size: -1]
[max_depth: -1]
[min_data_in_leaf: 1]
[min_sum_hessian_in_leaf: 0.001]
[bagging_fraction: 0.516572]
[pos_bagging_fraction: 1]
[neg_bagging_fraction: 1]
[bagging_freq: 3]
[bagging_seed: 3]
[feature_fraction: 0.431776]
[feature_fraction_bynode: 1]
[feature_fraction_seed: 2]
[extra_trees: 0]
[extra_seed: 6]
[early_stopping_round: 0]
[early_stopping_min_delta: 0]
[first_metric_only: 0]
[max_delta_step: 0]
[lambda_l1: 0.00357715]
[lambda_l2: 0.000185232]
[linear_lambda: 0]
[min_gain_to_split: 0]
[drop_rate: 0.1]
[max_drop: 50]
[skip_drop: 0.5]
[xgboost_dart_mode: 0]
[uniform_drop: 0]
[drop_seed: 4]
[top_rate: 0.2]
[other_rate: 0.1]
[min_data_per_group: 100]
[max_cat_threshold: 32]
[cat_l2: 10]
[cat_smooth: 10]
[max_cat_to_onehot: 4]
[top_k: 20]
[monotone_constraints: ]
[monotone_constraints_method: basic]
[monotone_penalty: 0]
[feature_contri: ]
[forcedsplits_filename: ]
[refit_decay_rate: 0.9]
[cegb_tradeoff: 1]
[cegb_penalty_split: 0]
[cegb_penalty_feature_lazy: ]
[cegb_penalty_feature_coupled: ]
[path_smooth: 0]
[interaction_constraints: ]
[verbosity: -1]
[saved_feature_importance_type: 0]
[use_quantized_grad: 0]
[num_grad_quant_bins: 4]
[quant_train_renew_leaf: 0]
[stochastic_rounding: 1]
[linear_tree: 0]
[max_bin: 255]
[max_bin_by_feature: ]
[min_data_in_bin: 3]
[bin_construct_sample_cnt: 200000]
[data_random_seed: 1]
[is_enable_sparse: 1]
[enable_bundle: 1]
[use_missing: 1]
[zero_as_missing: 0]
[feature_pre_filter: 1]
[pre_partition: 0]
[two_round: 0]
[header: 0]
[label_column: ]
[weight_column: ]
[group_column: ]
[ignore_column: ]
[categorical_feature: ]
[forcedbins_filename: ]
[precise_float_parser: 0]
[parser_config_file: ]
[objective_seed: 5]
[num_class: 1]
[is_unbalance: 0]
[scale_pos_weight: 1]
[sigmoid: 1]
[boost_from_average: 1]
[reg_sqrt: 0]
[alpha: 0.9]
[fair_c: 1]
[poisson_max_delta_step: 0.7]
[tweedie_variance_power: 1.5]
[lambdarank_truncation_level: 30]
[lambdarank_norm: 1]
[label_gain: ]
[lambdarank_position_bias_regularization: 0]
[eval_at: ]
[multi_error_top_k: 1]
[auc_mu_weights: ]
[num_machines: 1]
[local_listen_port: 12400]
[time_out: 120]
[machine_list_filename: ]
[machines: ]
[gpu_platform_id: -1]
[gpu_device_id: -1]
[gpu_use_dp: 0]
[num_gpu: 1]

end of parameters

pandas_categorical:null
