tree
version=v4
num_class=1
num_tree_per_iteration=1
label_index=0
max_feature_idx=14
objective=binary sigmoid:1
feature_names=age edu_0 edu_1 day_cos day_sin AirConditioner_daytime AirConditioner_midnight ClothesWasher_daytime ClothesWasher_midnight Microwave_daytime RiceCooker_midnight TV_daytime IH_daytime day_sin_*_AirConditioner_daytime day_sin_*_Microwave_daytime
feature_infos=[0.083333333333333481:0.91666666666666696] [0:1] [0:1] [-27218.61198321862:28199.866993673604] [-28169.258046032159:28271.854657414911] [0:12329] [0:3015] [78:906] [0:686] [599:23807] [92:2509] [0:3453] [13:9012] [-44357497.386418886:244260548.14226711] [-369956146.86355996:441164972.81721169]
tree_sizes=704 738 741 749 845 941 942 1064 846 743 947 945 955 757 751

Tree=0
num_leaves=6
num_cat=0
split_feature=5 3 12 8 5
split_gain=9.07623 2.64091 3.08327 1.66219 1.96788
threshold=3716.0000000000005 28015.863558568995 6679.0000000000009 388.00000000000006 956.50000000000011
decision_type=2 2 2 2 2
left_child=1 2 3 -1 -5
right_child=-2 -3 -4 4 -6
leaf_value=-0.099854892436189252 0.09971015517109999 0.098565419429877787 0.098565419429877787 0.098565419429877787 -0.098565419429877746
leaf_weight=2.5000000000000013 1.2499999999999998 0.24999999999999989 0.24999999999999989 0.24999999999999989 0.25
leaf_count=10 5 1 1 1 1
internal_value=0 -0.0570783 -0.0691494 -0.0832301 0
internal_weight=0 3.5 3.25 3 0.5
internal_count=19 14 13 12 2
is_linear=0
shrinkage=0.05


Tree=1
num_leaves=6
num_cat=0
split_feature=0 7 12 12 3
split_gain=5.61342 3.22349 2.45847 2.69744 2.69057
threshold=0.31250000000000028 363.00000000000006 939.00000000000011 591.00000000000011 1.0000000180025095e-35
decision_type=2 2 2 2 2
left_child=-1 2 3 4 -2
right_child=1 -3 -4 -5 -6
leaf_value=-0.09501633001901999 -0.09387048598946135 -0.094555072267117388 0.094997247044618469 -0.094584099407619859 0.094808946659346818
leaf_weight=1.4962670803070066 0.24937784671783514 0.49875569343566883 1.2469265311956403 0.49877163767814636 0.74815309047698975
leaf_count=6 1 2 5 2 3
internal_value=0 0.0219576 0.0432424 0 0.0474474
internal_weight=0 3.24198 2.74323 1.4963 0.997531
internal_count=19 13 11 6 4
is_linear=0
shrinkage=0.05


Tree=2
num_leaves=6
num_cat=0
split_feature=5 3 9 5 5
split_gain=7.46963 2.17498 1.61385 1.74337 2.17079
threshold=3716.0000000000005 28015.863558568995 11640.500000000002 788.00000000000011 47.000000000000007
decision_type=2 2 2 2 2
left_child=1 2 -1 4 -4
right_child=-2 -3 3 -5 -6
leaf_value=-0.090988727950978329 0.090887063122181352 0.089872872529162665 -0.089811829221070019 -0.0905198748179456 0.090528764712582574
leaf_weight=1.9811811000108726 1.2382363229990003 0.24767738580703724 0.24764151871204354 0.49533535540103912 0.49534577131271362
leaf_count=8 5 1 1 2 2
internal_value=0 -0.0520209 -0.0630287 -0.0181414 0.0302348
internal_weight=0 3.46718 3.2195 1.23832 0.742987
internal_count=19 14 13 5 3
is_linear=0
shrinkage=0.05


Tree=3
num_leaves=6
num_cat=0
split_feature=0 10 14 0 8
split_gain=4.66074 2.65887 2.56021 1.58962 2.38573
threshold=0.31250000000000028 881.00000000000011 260770224.73811752 0.39583333333333354 1.0000000180025095e-35
decision_type=2 2 2 2 2
left_child=-1 2 -2 -3 -5
right_child=1 3 -4 4 -6
leaf_value=-0.087356148260712432 0.087385212217599428 0.086330855170285936 -0.086299573259649834 0.086274786407609105 -0.087279015830867626
leaf_weight=1.4698099344968794 1.4699708521366122 0.24502283334732045 0.24499380588531483 0.24497073888778664 0.97999279201030731
leaf_count=6 6 1 1 1 4
internal_value=0 0.0201817 0.0624335 -0.0291106 -0.0524017
internal_weight=0 3.18495 1.71496 1.46999 1.22496
internal_count=19 13 7 6 5
is_linear=0
shrinkage=0.05


Tree=4
num_leaves=7
num_cat=0
split_feature=0 7 8 0 8 8
split_gain=4.27076 2.45416 1.75868 1.81836 0.567633 1.81533
threshold=0.31250000000000028 363.00000000000006 219.50000000000003 0.66666666666666685 40.000000000000007 1.0000000180025095e-35
decision_type=2 2 2 2 2 2
left_child=-1 2 4 -4 5 -2
right_child=1 -3 3 -5 -6 -7
leaf_value=-0.084216738771216756 0.08380833840046481 -0.083824522079535502 0.083240617201473535 -0.083841108865806341 0.08420416579055634 -0.083162340266104195
leaf_weight=1.449007600545883 0.48305551707744676 0.483097344636917 0.24161657691001881 0.48314023017883301 1.2077031284570692 0.24151521921157837
leaf_count=6 2 2 1 2 5 1
internal_value=0 0.0194573 0.0383303 -0.0279594 0.0632218 0.0279728
internal_weight=0 3.14013 2.65703 0.724757 1.93227 0.724571
internal_count=19 13 11 3 8 3
is_linear=0
shrinkage=0.05


Tree=5
num_leaves=8
num_cat=0
split_feature=8 13 0 0 12 0 0
split_gain=6.50585 2.36891 1.90238 1.88082 1.1981 1.24467 0.0432501
threshold=126.00000000000001 1829429.8979823526 0.4791666666666668 0.39583333333333354 939.00000000000011 0.85416666666666707 0.43750000000000028
decision_type=2 2 2 2 2 2 2
left_child=1 6 3 -3 5 -2 -1
right_child=4 2 -4 -5 -6 -7 -8
leaf_value=-0.081231975992575686 -0.080429801965490419 -0.080379395167700471 -0.11471403511080983 0.081260543165212973 0.087576682314353504 0.080393171518768194 -0.10317574962961261
leaf_weight=0.71215806901454948 0.23745028674602542 0.23736511170864083 0.24504329264163971 0.71230232715606689 2.1881730407476425 0.23738844692707062 0.49928729236125946
leaf_count=3 1 1 1 3 9 1 2
internal_value=0 -0.0413854 0.0085499 0.0406796 0.0719745 0 -0.0905595
internal_weight=0 2.40616 1.19471 0.949667 2.66301 0.474839 1.21145
internal_count=21 10 5 4 11 2 5
is_linear=0
shrinkage=0.05


Tree=6
num_leaves=8
num_cat=0
split_feature=8 6 12 5 5 5 8
split_gain=5.9642 5.58942 1.09354 1.14793 0.0276644 0.0093385 0.00437277
threshold=126.00000000000001 296.50000000000006 939.00000000000011 4832.5000000000009 8683.0000000000018 47.000000000000007 1.0000000180025095e-35
decision_type=2 2 2 2 2 2 2
left_child=1 -1 3 -2 6 -4 -3
right_child=2 4 5 -5 -6 -7 -8
leaf_value=0.078790340453059299 -0.07798885843403755 -0.097210235280974042 0.091152637907720616 0.07795606198932345 -0.10763165718145816 0.080697863016298374 -0.083047539948231996
leaf_weight=0.69835411012172732 0.23285394906997714 0.24995160102844227 0.74365586042404208 0.23278531432151794 0.24822789430618275 1.4129076302051542 1.1809062361717222
leaf_count=3 1 1 3 1 1 6 5
internal_value=0 -0.0398107 0.0694693 0 -0.0892203 0.0844528 -0.0857631
internal_weight=0 2.37744 2.6222 0.465639 1.67909 2.15656 1.43086
internal_count=21 10 11 2 7 9 6
is_linear=0
shrinkage=0.05


Tree=7
num_leaves=9
num_cat=0
split_feature=8 3 8 10 2 12 3 11
split_gain=5.48381 3.52923 1.5978 1.0049 1.05774 0.0253954 0.00841197 0.00497616
threshold=126.00000000000001 23575.991601307604 83.500000000000014 881.00000000000011 1.0000000180025095e-35 1623.5000000000002 -8677.0698388284491 1.0000000180025095e-35
decision_type=2 2 2 2 2 2 2 2
left_child=1 5 -3 7 -5 6 -1 -2
right_child=3 2 -4 4 -6 -7 -8 -9
leaf_value=-0.092757522879915066 0.087539427785821231 0.076577857699359611 -0.075596615795100019 -0.075797631299046334 0.075590569146340603 -0.098249386974966144 -0.076447279757882014 0.078338514045831517
leaf_weight=0.24902537465095531 0.73595263063907701 0.68308258056640614 0.22731725871562958 0.22782571613788594 0.22730185091495514 0.49900509417057037 0.6820906549692155 1.3844697028398512
leaf_count=1 3 3 1 1 1 2 3 6
internal_value=0 -0.0384365 0.0384023 0.0672298 -9.60127e-05 -0.0873581 -0.0811585 0.0816794
internal_weight=0 2.34052 0.9104 2.57555 0.455128 1.43012 0.931116 2.12042
internal_count=21 10 4 11 2 6 4 9
is_linear=0
shrinkage=0.05


Tree=8
num_leaves=7
num_cat=0
split_feature=0 3 6 0 3 6
split_gain=3.61622 2.37835 2.13897 0.950539 1.18659 1.43476
threshold=0.31250000000000028 18438.07669621443 441.00000000000006 0.4791666666666668 13179.467762118838 1373.5000000000002
decision_type=2 2 2 2 2 2
left_child=-1 2 -2 -4 5 -5
right_child=1 -3 3 4 -6 -7
leaf_value=-0.074575302200829294 0.074420883368646495 0.078438124573484674 -0.089729363575381499 -0.073821026066671805 -0.096767122622185273 0.079709502092564222
leaf_weight=0.88761432468891133 0.66526572406292039 1.8381618261337278 0.49435523152351357 0.22245125472545624 0.24991400539875031 0.4642101526260376
leaf_count=4 3 8 2 1 1 2
internal_value=0 0.0369768 0.000534418 -0.0338758 -0.00414324 0.0297971
internal_weight=0 3.93436 2.0962 1.43093 0.936575 0.686661
internal_count=21 17 9 6 4 3
is_linear=0
shrinkage=0.05


Tree=9
num_leaves=6
num_cat=0
split_feature=0 5 13 5 14
split_gain=3.34705 1.77396 1.80187 0.940886 2.9494
threshold=0.31250000000000028 8683.0000000000018 -33984323.518075831 47.000000000000007 -69135300.21169661
decision_type=2 2 2 2 2
left_child=-1 2 -2 4 -4
right_child=1 -3 3 -5 -6
leaf_value=-0.07278462119545244 -0.085465993507571072 -0.092374023847559009 0.081730485552789153 0.073791604676642544 -0.079961630728010602
leaf_weight=0.86463984847068776 0.24418118596077043 0.24888338148593891 0.7145783007144928 2.1842242777347565 0.46131971478462241
leaf_count=4 1 1 3 10 2
internal_value=0 0.0358934 0.0448366 0.0543909 0.018215
internal_weight=0 3.85319 3.6043 3.36012 1.1759
internal_count=21 17 16 15 5
is_linear=0
shrinkage=0.05


Tree=10
num_leaves=8
num_cat=0
split_feature=13 4 8 1 4 3 1
split_gain=3.65914 3.21351 1.17409 1.70006 0.804895 0.843171 0.0134738
threshold=-1.0000000180025095e-35 22208.692343515406 40.000000000000007 1.0000000180025095e-35 25804.08461144142 1.0000000180025095e-35 1.0000000180025095e-35
decision_type=2 2 2 2 2 2 2
left_child=-1 2 3 -2 6 -6 -3
right_child=1 4 -4 -5 5 -7 -8
leaf_value=-0.086387458491264391 -0.07084287320233805 -0.072284704389499244 0.073591980595269488 0.070821748393630202 -0.070228409738296513 0.070270453108257996 -0.092938249947100177
leaf_weight=1.2173065841197965 0.4204415977001198 0.21765625476837136 1.5191809982061384 0.42027726769447327 0.21029070019721985 0.21045297384262085 0.49663957953453064
leaf_count=5 2 1 7 2 1 1 2
internal_value=0 0.0141588 0.0474015 0 -0.054858 0 -0.0870556
internal_weight=0 3.49494 2.3599 0.840719 1.13504 0.420744 0.714296
internal_count=21 16 11 4 5 2 3
is_linear=0
shrinkage=0.05


Tree=11
num_leaves=8
num_cat=0
split_feature=12 12 5 5 7 5 0
split_gain=2.84463 1.76447 1.54671 1.68814 1.47144 1.1875 0.0147408
threshold=6679.0000000000009 300.50000000000006 10.000000000000002 4832.5000000000009 232.50000000000003 441.00000000000006 0.39583333333333354
decision_type=2 2 2 2 2 2 2
left_child=1 5 -3 6 -5 -1 -4
right_child=-2 2 3 4 -6 -7 -8
leaf_value=-0.068755633447263528 0.07139922076756032 0.07601772019879785 -0.06936594461778299 -0.085043393302015449 0.06934665126639171 0.069580071641107827 -0.083367481128964097
leaf_weight=0.20427648723125491 0.84165570139884938 0.22837293148040805 0.40829983353614885 0.2437395006418227 0.40813222527503967 0.61243091523647308 1.6593576073646543
leaf_count=1 4 1 2 1 2 3 7
internal_value=0 -0.0301101 -0.0481243 -0.0586421 0.0114195 0.0347931 -0.080735
internal_weight=0 3.76461 2.9479 2.71953 0.651872 0.816707 2.06766
internal_count=21 17 13 12 3 4 9
is_linear=0
shrinkage=0.05


Tree=12
num_leaves=8
num_cat=0
split_feature=10 10 9 14 0 0 0
split_gain=2.60017 2.63047 1.59496 1.41061 1.49148 0.0134393 0.00237376
threshold=583.00000000000011 398.50000000000006 849.50000000000011 -150594187.4816618 0.85416666666666707 0.43750000000000028 0.52083333333333359
decision_type=2 2 2 2 2 2 2
left_child=1 2 -1 -4 5 -5 -2
right_child=6 -3 3 4 -6 -7 -8
leaf_value=0.067977818865130088 -0.083115674580035256 0.069497367599402296 0.074019966539976889 -0.068015269723088134 0.067426174102743444 -0.082625627323448747 -0.072390035266821237
leaf_weight=0.39560413360595781 0.48117724061012246 1.2131675779819486 0.22303122282028209 0.39596393704414301 0.19826440513134014 0.95127296447753906 0.63459788262844086
leaf_count=2 2 6 1 2 1 4 3
internal_value=0 0.0106504 -0.0223717 -0.0426928 -0.0596817 -0.0785349 -0.0772786
internal_weight=0 3.3773 2.16414 1.76853 1.5455 1.34724 1.11578
internal_count=21 16 10 8 7 6 5
is_linear=0
shrinkage=0.05


Tree=13
num_leaves=6
num_cat=0
split_feature=6 6 13 10 1
split_gain=3.00606 1.46944 3.36828 1.20156 0.0132941
threshold=296.50000000000006 1211.0000000000002 -1.0000000180025095e-35 881.00000000000011 1.0000000180025095e-35
decision_type=2 2 2 2 2
left_child=-1 2 -2 -4 -3
right_child=1 4 3 -5 -6
leaf_value=0.067159491248538275 -0.078797681451090784 -0.067443681136408654 0.069601156138268908 -0.066076079804745461 -0.08086040598615063
leaf_weight=0.95833376049995411 0.9277550429105762 0.58184306323528268 1.0102357715368273 0.19154553115367878 0.70534180104732513
leaf_count=5 4 3 5 1 3
internal_value=0 -0.032903 -0.00735613 0.0478223 -0.0750115
internal_weight=0 3.41672 2.12954 1.20178 1.28718
internal_count=21 16 10 6 6
is_linear=0
shrinkage=0.05


Tree=14
num_leaves=6
num_cat=0
split_feature=6 12 14 4 9
split_gain=2.80228 3.96143 0.726316 0.911353 0.0100996
threshold=296.50000000000006 6679.0000000000009 -150594187.4816618 -20272.204911283039 2402.5000000000005
decision_type=2 2 2 2 2
left_child=-1 2 3 -2 -4
right_child=1 -3 4 -5 -6
leaf_value=0.066022216463567998 -0.073415054141978797 0.067272430205472661 -0.065846759693045792 0.070623081366786605 -0.076762341514600527
leaf_weight=0.92695039510726918 0.22123928368091583 0.7675068974494933 0.5562851577997211 0.21179413795471269 1.569302439689636
leaf_count=5 1 4 3 1 7
internal_value=0 -0.0321373 -0.0620208 -0.002866 -0.0740292
internal_weight=0 3.32613 2.55862 0.433033 2.12559
internal_count=21 16 12 2 10
is_linear=0
shrinkage=0.05


end of trees

feature_importances:
age=16
AirConditioner_daytime=13
ClothesWasher_midnight=11
IH_daytime=9
day_cos=8
AirConditioner_midnight=6
RiceCooker_midnight=5
day_sin_*_AirConditioner_daytime=4
day_sin_*_Microwave_daytime=4
edu_0=3
day_sin=3
ClothesWasher_daytime=3
Microwave_daytime=3
edu_1=1
TV_daytime=1

parameters:
[boosting: gbdt]
[objective: binary]
[metric: roc_auc]
[tree_learner: serial]
[device_type: cpu]
[data_sample_strategy: bagging]
[data: ]
[valid: ]
[num_iterations: 10000]
[learning_rate: 0.05]
[num_leaves: 18]
[num_threads: 0]
[seed: 0]
[deterministic: 0]
[force_col_wise: 0]
[force_row_wise: 0]
[histogram_pool_size: -1]
[max_depth: -1]
[min_data_in_leaf: 1]
[min_sum_hessian_in_leaf: 0.001]
[bagging_fraction: 0.492141]
[pos_bagging_fraction: 1]
[neg_bagging_fraction: 1]
[bagging_freq: 5]
[bagging_seed: 3]
[feature_fraction: 0.436954]
[feature_fraction_bynode: 1]
[feature_fraction_seed: 2]
[extra_trees: 0]
[extra_seed: 6]
[early_stopping_round: 0]
[early_stopping_min_delta: 0]
[first_metric_only: 0]
[max_delta_step: 0]
[lambda_l1: 0.000868609]
[lambda_l2: 0.00319803]
[linear_lambda: 0]
[min_gain_to_split: 0]
[drop_rate: 0.1]
[max_drop: 50]
[skip_drop: 0.5]
[xgboost_dart_mode: 0]
[uniform_drop: 0]
[drop_seed: 4]
[top_rate: 0.2]
[other_rate: 0.1]
[min_data_per_group: 100]
[max_cat_threshold: 32]
[cat_l2: 10]
[cat_smooth: 10]
[max_cat_to_onehot: 4]
[top_k: 20]
[monotone_constraints: ]
[monotone_constraints_method: basic]
[monotone_penalty: 0]
[feature_contri: ]
[forcedsplits_filename: ]
[refit_decay_rate: 0.9]
[cegb_tradeoff: 1]
[cegb_penalty_split: 0]
[cegb_penalty_feature_lazy: ]
[cegb_penalty_feature_coupled: ]
[path_smooth: 0]
[interaction_constraints: ]
[verbosity: -1]
[saved_feature_importance_type: 0]
[use_quantized_grad: 0]
[num_grad_quant_bins: 4]
[quant_train_renew_leaf: 0]
[stochastic_rounding: 1]
[linear_tree: 0]
[max_bin: 255]
[max_bin_by_feature: ]
[min_data_in_bin: 3]
[bin_construct_sample_cnt: 200000]
[data_random_seed: 1]
[is_enable_sparse: 1]
[enable_bundle: 1]
[use_missing: 1]
[zero_as_missing: 0]
[feature_pre_filter: 1]
[pre_partition: 0]
[two_round: 0]
[header: 0]
[label_column: ]
[weight_column: ]
[group_column: ]
[ignore_column: ]
[categorical_feature: ]
[forcedbins_filename: ]
[precise_float_parser: 0]
[parser_config_file: ]
[objective_seed: 5]
[num_class: 1]
[is_unbalance: 0]
[scale_pos_weight: 1]
[sigmoid: 1]
[boost_from_average: 1]
[reg_sqrt: 0]
[alpha: 0.9]
[fair_c: 1]
[poisson_max_delta_step: 0.7]
[tweedie_variance_power: 1.5]
[lambdarank_truncation_level: 30]
[lambdarank_norm: 1]
[label_gain: ]
[lambdarank_position_bias_regularization: 0]
[eval_at: ]
[multi_error_top_k: 1]
[auc_mu_weights: ]
[num_machines: 1]
[local_listen_port: 12400]
[time_out: 120]
[machine_list_filename: ]
[machines: ]
[gpu_platform_id: -1]
[gpu_device_id: -1]
[gpu_use_dp: 0]
[num_gpu: 1]

end of parameters

pandas_categorical:null
